3.69636 1.04577 0
3.69564 1.05852 0
3.69683 1.07171 0
3.69993 1.08535 0
3.69714 1.09768 0
3.7021 1.11181 0
3.69143 1.12232 0
3.6963 1.13649 0
3.69334 1.14881 0
3.69035 1.16112 0
3.7009 1.1768 0
3.69006 1.18718 0
3.69276 1.20097 0
3.69542 1.21478 0
3.70189 1.22963 0
3.69671 1.24146 0
3.69536 1.2543 0
3.69976 1.26871 0
3.69446 1.28052 0
3.69684 1.29444 0
3.69339 1.30676 0
3.69952 1.32182 0
3.69214 1.33304 0
3.69241 1.34647 0
3.6984 1.36161 0
3.70049 1.37565 0
3.69679 1.38799 0
3.68731 1.39856 0
3.68736 1.41203 0
3.68354 1.42432 0
3.69304 1.44082 0
3.68914 1.45313 0
3.69471 1.46849 0
3.69072 1.48081 0
3.68669 1.49311 0
3.68642 1.50667 0
3.69179 1.52214 0
3.68763 1.53445 0
3.69668 1.55129 0
3.69054 1.56296 0
3.69947 1.57988 0
3.69513 1.59221 0
3.70205 1.60857 0
3.69951 1.62158 0
3.69504 1.63391 0
3.68866 1.64554 0
3.69724 1.66271 0
3.70013 1.67784 0
3.7011 1.69229 0
3.69642 1.70463 0
3.69169 1.71695 0
3.69997 1.73433 0
3.69515 1.74666 0
3.69773 1.76192 0
3.68911 1.77276 0
3.68974 1.78731 0
3.69957 1.80564 0
3.70563 1.82253 0
3.69499 1.83258 0
3.6954 1.84721 0
3.68839 1.85875 0
3.69239 1.87496 0
3.69816 1.89199 0
3.69835 1.9067 0
3.693 1.91903 0
3.69492 1.93456 0
3.69496 1.94931 0
3.70043 1.96652 0
3.69488 1.97886 0
3.69658 1.99448 0
3.68914 2.00597 0
3.69618 2.02414 0
3.69589 2.039 0
3.69012 2.05132 0
3.69697 2.06961 0
3.69832 2.08538 0
3.69781 2.10031 0
3.70265 2.11787 0
3.69843 2.13109 0
3.70493 2.14961 0
3.69523 2.16017 0
3.7016 2.17876 0
3.69361 2.19019 0
3.6945 2.20613 0
3.50847 2.12627 0
3.40234 2.10075 0
3.38044 2.10379 0
3.36917 2.11232 0
3.38612 2.13585 0
3.38181 2.14814 0
3.41089 2.1785 0
3.3801 2.17654 0
3.34936 2.1744 0
3.31166 2.16822 0
3.30549 2.17934 0
3.15538 2.18028 0
3.10258 2.16361 0
2.97676 2.1171 0
2.97075 2.12717 0
2.96471 2.13723 0
2.98941 2.16594 0
3.00202 2.18753 0
3.00602 2.20398 0
3.01333 2.22257 0
3.01718 2.23912 0
3.01248 2.25038 0
3.01789 2.26805 0
3.01815 2.28256 0
3.02678 2.30248 0
3.02691 2.31705 0
3.03369 2.33601 0
3.04708 2.35941 0
3.03364 2.3653 0
3.02852 2.37666 0
3.02503 2.38911 0
3.00158 2.38817 0
3.00135 2.40281 0
3.03906 2.44339 0
3.68167 2.89966 0
3.68967 2.9233 0
3.691 2.94244 0
3.68897 2.95933 0
3.69177 2.97969 0
3.69775 3.00241 0
3.69386 3.01821 0
3.6964 3.03869 0
3.69238 3.05452 0
3.69961 3.0786 0
3.69221 3.09211 0
3.70247 3.11866 0
3.69334 3.131 0
3.69378 3.15049 0
3.69573 3.17121 0
3.69759 3.19198 0
3.693 3.20793 0
3.46464 3.05219 0
3.4209 3.03688 0
3.43097 3.06307 0
3.66142 3.2619 0
3.69112 3.30503 0
3.69238 3.32603 0
3.70293 3.35454 0
3.70241 3.37438 0
3.69248 3.38672 0
3.69803 3.41163 0
3.69418 3.42902 0
3.69952 3.45404 0
3.69858 3.47401 0
3.69909 3.4953 0
3.7041 3.52048 0
3.70288 3.54056 0
3.70157 3.56066 0
3.70018 3.58079 0
3.70022 3.60224 0
3.69411 3.61849 0
3.70453 3.6492 0
3.69825 3.66549 0
3.70241 3.69104 0
3.69598 3.70736 0
3.69843 3.73166 0
3.69779 3.75334 0
3.69706 3.77505 0
3.70214 3.80218 0
3.69973 3.82261 0
3.70163 3.84714 0
3.69756 3.86627 0
3.6934 3.8854 0
3.69791 3.91277 0
3.69502 3.93333 0
3.68914 3.95115 0
3.6964 4.05315 0
3.70005 4.08087 0
3.69076 4.096 0
3.7027 4.13226 0
3.70455 4.15873 0
3.69922 4.17816 0
3.70365 4.20756 0
3.70373 4.23274 0
3.70648 4.26082 0
3.70353 4.28321 0
3.7088 4.31427 0
3.69732 4.32806 0
3.70234 4.35921 0
3.70033 4.38316 0
3.70095 4.41006 0
3.69871 4.43408 0
3.69499 4.45666 0
3.69796 4.4866 0
3.70347 4.51956 0
3.69805 4.54076 0
3.70059 4.57087 0
3.6896 4.58617 0
3.43071 4.32403 0
3.40056 4.31606 0
3.46312 4.41293 0
3.69388 4.70272 0
3.69689 4.73463 0
3.6945 4.76054 0
3.70373 4.80013 0
3.69325 4.81702 0
3.69825 4.85218 0
3.69532 4.87824 0
3.69613 4.90893 0
3.6891 4.93045 0
3.69346 4.96584 0
3.69255 4.99512 0
3.69023 5.02289 0
3.68777 5.0507 0
3.69272 5.08787 0
3.68871 5.1142 0
3.69206 5.14994 0
3.69026 5.17947 0
3.6945 5.2169 0
3.69854 5.25441 0
3.69993 5.28883 0
3.6767 5.29164 0
3.64618 5.28484 0
3.63515 5.30335 0
3.6844 5.40156 0
3.70303 5.46017 0
3.70096 5.49172 0
3.6904 5.51206 0
3.65955 5.50503 0
3.67964 5.56722 0
3.69584 5.62474 0
3.69765 5.66297 0
2.71524 4.33221 0
2.67792 4.30728 0
2.68476 4.34414 0
2.7225 4.42523 0
3.62572 5.74362 0
3.61526 5.76555 0
3.61265 5.79899 0
3.58045 5.78959 0
3.59228 5.8445 0
3.46993 5.73895 0
3.46294 5.80375 0
3.45865 5.83536 0
3.44214 5.84859 0
3.42777 5.86513 0
3.42201 5.89508 0
3.40639 5.90989 0
3.39715 5.93478 0
3.38031 5.94784 0
3.38683 5.9981 0
3.38248 6.0315 0
3.3727 6.05642 0
3.36804 6.08985 0
3.37258 6.13868 0
3.39968 6.2252 0
3.67207 6.76624 0
3.68425 6.83349 0
3.66354 6.84575 0
3.11527 5.95702 0
3.09026 5.9554 0
3.12627 6.05935 0
3.68969 7.08501 0
3.69391 7.14248 0
3.69289 7.19134 0
3.69258 7.242 0
3.69491 7.29797 0
3.695 7.35052 0
3.69288 7.39963 0
3.69526 7.45758 0
3.68687 7.49627 0
2.38512 5.19863 0
2.32771 5.12714 0
2.3114 5.1334 0
2.76403 6.09265 0
2.72 6.09709 0
2.58792 5.9239 0
2.56386 5.92019 0
2.55215 5.94154 0
2.54732 5.97726 0
2.54837 6.02562 0
2.52674 6.02713 0
2.52139 6.06289 0
2.52775 6.12402 0
2.57132 6.31555 0
2.51388 6.24071 0
2.49999 6.26025 0
2.37989 6.14318 0
2.40592 6.30434 0
2.38687 6.31262 0
2.35833 6.29877 0
2.35885 6.35292 0
2.86852 7.68124 0
2.84287 7.6854 0
2.81571 7.68578 0
2.78707 7.68236 0
2.76372 7.69182 0
2.73663 7.69192 0
2.70957 7.69192 0
1.69934 5.18579 0
1.68667 5.19933 0
1.67034 5.2035 0
1.65472 5.20949 0
1.62635 5.18176 0
1.53054 5.01902 0
1.51481 5.0227 0
1.49975 5.0282 0
1.49078 5.0506 0
1.52576 5.24621 0
1.56812 5.41788 0
1.5839 5.51616 0
1.57443 5.54269 0
1.55583 5.54269 0
1.4672 5.33408 0
1.38888 5.20415 0
1.3714 5.20356 0
1.35578 5.20862 0
2.10543 7.69644 0
2.07906 7.69422 0
2.05272 7.69192 0
2.03284 7.71056 0
1.27906 5.29538 0
1.26429 5.30398 0
1.25515 5.33173 0
1.23577 5.3249 0
1.9005 7.69347 0
1.87931 7.70786 0
1.85046 7.69524 0
1.826 7.69792 0
1.80314 7.70631 0
1.77553 7.69726 0
1.74334 7.67072 0
1.72514 7.69626 0
1.70225 7.70434 0
1.67434 7.69299 0
1.64998 7.6951 0
1.6261 7.69907 0
1.59982 7.69327 0
1.57644 7.69902 0
1.55257 7.70276 0
1.52684 7.69864 0
1.50344 7.70417 0
1.47823 7.70184 0
1.4526 7.69746 0
1.4292 7.70276 0
1.40449 7.70213 0
1.37938 7.69946 0
1.35598 7.70453 0
1.33215 7.70757 0
1.30669 7.70271 0
1.28328 7.70755 0
1.25985 7.71232 0
1.23407 7.70525 0
1.20989 7.70594 0
1.18647 7.71048 0
1.16378 7.71888 0
1.13703 7.70558 0
1.11362 7.70989 0
1.09019 7.71413 0
1.06536 7.71042 0
1.04158 7.71254 0
1.01781 7.71459 0
0.994365 7.71853 0
0.969295 7.71253 0
0.946174 7.7183 0
0.921787 7.71609 0
0.897122 7.71183 0
0.873092 7.71144 0
0.849366 7.71295 0
0.824499 7.70647 0
0.802478 7.71972 0
0.778199 7.71704 0
0.752879 7.70637 0
0.729461 7.70948 0
0.706035 7.71253 0
0.681106 7.70359 0
0.658183 7.71045 0
0.634516 7.71129 0
0.611083 7.71404 0
0.588538 7.72466 0
0.563541 7.71335 0
0.540314 7.71787 0
0.516655 7.71833 0
0.493203 7.72071 0
0.469742 7.72302 0
0.446273 7.72526 0
0.422798 7.72742 0
0.399316 7.72951 0
0.375828 7.73152 0
0.351687 7.72549 0
0.328211 7.72736 0
0.304731 7.72915 0
0.281531 7.73486 0
0.258026 7.73651 0
0.234255 7.73409 0
0.210506 7.7316 0
0.187248 7.73702 0
0.163178 7.72839 0
0.139695 7.72967 0
0.115809 7.72289 0
0.0927156 7.73201 0
0.0688737 7.72508 0
0.0452398 7.72206 0
0.0222228 7.73497 0
-0.00141683 7.73181 0
-0.0245997 7.74257 0
-0.0486847 7.72327 0
-0.0721022 7.72589 0
-0.0957505 7.71844 0
-0.119386 7.70891 0
-0.213296 5.148 0
-0.229077 5.09212 0
-0.244103 5.17219 0
-0.259631 5.27821 0
-0.2767 5.65618 0
-0.30889 5.45997 0
-0.324973 5.43379 0
-0.342559 5.51355 0
-0.366478 5.9032 0
-0.402061 5.90242 0
-0.420471 5.92393 0
-0.423749 5.45763 0
-0.449802 5.27663 0
-0.46491 5.25803 0
-0.480866 5.26136 0
-0.49319 5.18672 0
-0.509449 5.19995 0
-0.525474 5.20713 0
-0.539859 5.18431 0
-0.571333 5.18845 0
-0.603418 5.20038 0
-0.617728 5.18133 0
-0.634018 5.19016 0
-0.649431 5.18697 0
-0.666935 5.20965 0
-0.681386 5.1944 0
-0.699237 5.21896 0
-0.714895 5.21757 0
-0.849354 6.27763 0
-0.872298 6.31556 0
-0.895691 6.3554 0
-0.872792 5.6357 0
-0.886753 5.60794 0
-0.906698 5.63177 0
-0.928254 5.66745 0
-0.959406 5.15097 0
-0.970847 5.12105 0
-0.98094 5.0832 0
-1.39295 7.71116 0
-1.41698 7.71155 0
-1.44475 7.73556 0
-1.4692 7.73775 0
-1.49626 7.75566 0
-1.52278 7.76952 0
-1.54638 7.76554 0
-1.57066 7.76543 0
-1.59459 7.76328 0
-1.6203 7.77089 0
-1.64391 7.76661 0
-1.66896 7.77012 0
-1.69257 7.76569 0
-1.71729 7.76708 0
-1.7405 7.76053 0
-1.76447 7.75784 0
-1.79042 7.76488 0
-1.81481 7.76398 0
-1.83839 7.7591 0
-1.86321 7.76001 0
-1.89057 7.77257 0
-1.91332 7.76354 0
-1.93821 7.7642 0
-1.96267 7.76284 0
-1.98536 7.75359 0
-1.80986 6.88893 0
-1.79825 6.74582 0
-1.81958 6.74489 0
-1.83624 6.72444 0
-1.86609 6.75834 0
-1.96648 6.98483 0
-2.18316 7.74696 0
-2.21169 7.7603 0
-2.23678 7.75998 0
-1.85035 6.20513 0
-1.84267 6.10162 0
-1.85164 6.06191 0
-1.86197 6.02799 0
-1.8555 5.93433 0
-1.85604 5.86772 0
-1.86604 5.83579 0
-1.88029 5.81922 0
-1.89446 5.80262 0
-1.90514 5.77448 0
-1.91737 5.75207 0
-1.93295 5.74113 0
-1.94907 5.73206 0
-1.96514 5.72295 0
-1.98534 5.72715 0
-2.00619 5.73318 0
-2.0362 5.76773 0
-2.06338 5.79262 0
-2.08763 5.80789 0
-2.11325 5.82686 0
-2.12574 5.80587 0
-2.13494 5.77538 0
-2.14911 5.76003 0
-2.17034 5.76547 0
-2.18377 5.74815 0
-2.19446 5.72324 0
-2.22235 5.74735 0
-2.24368 5.75251 0
-2.26574 5.75947 0
-2.2824 5.75131 0
-2.30316 5.75436 0
-2.31978 5.74609 0
-2.349 5.77147 0
-2.38477 5.81357 0
-2.4087 5.82373 0
-2.42192 5.80581 0
-2.4452 5.81395 0
-2.45174 5.77918 0
-2.45882 5.74629 0
-2.47983 5.7487 0
-2.50162 5.75287 0
-3.29985 7.59808 0
-3.32597 7.59596 0
-3.35211 7.59375 0
-2.74338 6.08583 0
-2.72024 5.98051 0
-2.74851 5.99671 0
-2.74514 5.93936 0
-2.68422 5.70409 0
-2.70138 5.6965 0
-2.73567 5.7272 0
-2.79651 5.81607 0
-2.85628 5.90097 0
-2.87822 5.90194 0
-2.91531 5.93549 0
-2.94926 5.96162 0
-2.89062 5.79032 0
-2.8635 5.68812 0
-2.88147 5.68178 0
-3.39872 6.66024 0
-3.40216 6.61629 0
-3.42658 6.61543 0
-3.50356 6.72014 0
-3.53643 6.73503 0
-3.56221 6.7355 0
-3.598 6.75548 0
-3.63395 6.77529 0
-3.65628 6.76829 0
-3.68691 6.77719 0
-3.69719 6.74699 0
-3.52878 6.37908 0
-3.47647 6.1894 0
-3.49039 6.17055 0
-3.49847 6.14113 0
-3.52084 6.13802 0
-3.54032 6.12957 0
-3.56464 6.1298 0
-3.58508 6.12296 0
-3.3054 5.58498 0
-3.2703 5.44617 0
-3.29765 5.45581 0
-3.21716 5.24349 0
-3.21357 5.20152 0
-3.21997 5.17682 0
-3.21802 5.13839 0
-3.21277 5.09488 0
-3.21869 5.07027 0
-3.22135 5.04054 0
-3.22281 5.00914 0
-3.21779 4.96758 0
-3.21994 4.93798 0
-3.21875 4.90333 0
-3.22272 4.87718 0
-3.22225 4.84431 0
-3.22161 4.81148 0
-3.23056 4.79383 0
-3.22198 4.74934 0
-3.22958 4.73004 0
-3.22939 4.69906 0
-3.24342 4.68978 0
-3.26075 4.68544 0
-3.28143 4.68602 0
-3.30215 4.68651 0
-3.31613 4.67701 0
-3.34141 4.68395 0
-3.35994 4.6809 0
-3.38533 4.68763 0
-3.40276 4.68278 0
-3.4248 4.6844 0
-3.44572 4.6843 0
-3.46784 4.68574 0
-3.48533 4.68059 0
-3.51102 4.68671 0
-3.52972 4.68302 0
-3.55788 4.69216 0
-3.57189 4.68185 0
-3.59301 4.68114 0
-3.61537 4.68194 0
-3.63776 4.68264 0
-3.66018 4.68325 0
-3.68022 4.68057 0
-3.71124 4.6921 0
-3.73257 4.69082 0
-3.75516 4.69102 0
-3.77779 4.69113 0
-3.79921 4.68957 0
-3.81693 4.68322 0
-3.84213 4.68618 0
-3.93249 4.77012 0
-4.2974 5.19269 0
-4.24231 5.09318 0
-4.26009 5.08384 0
-4.27404 5.0698 0
-4.31601 5.08961 0
-4.32741 5.07233 0
-4.35545 5.07495 0
-4.35902 5.0484 0
-4.36248 5.02189 0
-4.3697 4.99995 0
-4.39249 4.99621 0
-4.39172 4.96517 0
-6.61177 7.48205 0
-6.60676 7.43064 0
-6.61075 7.38983 0
-6.60525 7.3386 0
-6.60083 7.28897 0
-6.61355 7.25876 0
-6.60601 7.2063 0
-6.61167 7.16874 0
-6.61581 7.12974 0
-6.61027 7.08049 0
-6.61266 7.04014 0
-6.61485 6.99984 0
-6.61412 6.95668 0
-6.61867 6.9194 0
-6.61754 6.87637 0
-6.61897 6.83629 0
-6.62022 6.79628 0
-6.61709 6.75201 0
-6.61516 6.70925 0
-6.61021 6.66372 0
-6.61629 6.62967 0
-6.61798 6.59138 0
-6.60819 6.54184 0
-6.6024 6.49665 0
-6.60921 6.4642 0
-6.6073 6.42337 0
-6.61094 6.38819 0
-6.60866 6.34749 0
-6.60909 6.30963 0
-6.61078 6.27322 0
-6.61955 6.24374 0
-6.6093 6.19641 0
-6.60903 6.15879 0
-6.61881 6.13078 0
-6.61676 6.09189 0
-6.62481 6.06256 0
-6.61505 6.01702 0
-6.61542 5.98103 0
-6.61414 5.94374 0
-6.61121 5.90519 0
-6.61854 5.87604 0
-6.6078 5.83096 0
-6.60584 5.79394 0
-6.61424 5.76623 0
-6.61951 5.73588 0
-6.60349 5.68723 0
-3.33215 2.83821 0
-3.30997 2.80262 0
-3.27998 2.76073 0
-3.26657 2.73324 0
-3.29286 2.73928 0
-3.30077 2.72981 0
-3.33022 2.73818 0
-3.31961 2.71334 0
-3.32435 2.70126 0
-3.35388 2.70935 0
-3.33214 2.67582 0
-3.31802 2.64871 0
-3.30532 2.62295 0
-3.31288 2.61345 0
-3.29997 2.58784 0
-3.30742 2.57835 0
-3.28325 2.54429 0
-3.27948 2.5263 0
-3.31847 2.54122 0
-3.32895 2.5341 0
-3.34739 2.53297 0
-3.33868 2.51131 0
-3.34268 2.49931 0
-3.34343 2.48491 0
-3.3409 2.46816 0
-3.36249 2.46919 0
-3.36148 2.45362 0
-3.35716 2.43573 0
-3.36413 2.42607 0
-3.35154 2.40243 0
-3.35841 2.39278 0
-3.36198 2.38081 0
-3.35895 2.36424 0
-3.36569 2.35457 0
-3.3757 2.34715 0
-3.39229 2.34422 0
-3.39898 2.33444 0
-3.39238 2.31568 0
-3.4023 2.30813 0
-3.4122 2.30055 0
-3.42542 2.29513 0
-3.35847 2.23683 0
-3.35478 2.22059 0
-3.36611 2.2142 0
-3.37911 2.20885 0
-3.37191 2.19047 0
-3.38149 2.18291 0
-3.3657 2.15927 0
-3.31084 2.11128 0
-3.26929 2.07212 0
-3.26322 2.05536 0
-3.25368 2.03655 0
-3.26452 2.03034 0
-3.27707 2.02511 0
-3.26906 2.00744 0
-3.29701 2.0114 0
-3.31469 2.00907 0
-3.33412 2.00766 0
-3.36047 2.0102 0
-3.35746 1.9955 0
-3.38385 1.99783 0
-3.41201 2.00101 0
-3.4524 2.01095 0
-6.60714 2.79964 0
-6.59671 2.7723 0
-6.60471 2.75254 0
-6.61822 2.73498 0
-6.60566 2.70704 0
-6.60787 2.68506 0
-6.6156 2.66526 0
-6.60275 2.63753 0
-6.61033 2.61775 0
-6.61411 2.59653 0
-6.61021 2.54991 0
-6.61189 2.52804 0
-6.61913 2.50823 0
-6.60562 2.48094 0
-6.61271 2.46114 0
-6.61597 2.44 0
-6.61539 2.41753 0
-6.61662 2.39575 0
-6.61778 2.37398 0
-6.61696 2.35158 0
-6.61418 2.32857 0
-6.61131 2.3056 0
-6.61786 2.28579 0
-6.60342 2.25915 0
-6.61364 2.24059 0
-6.61617 2.21957 0
-6.61292 2.19674 0
-6.61913 2.17692 0
-6.62336 2.1565 0
-6.61797 2.13316 0
-6.61824 2.1116 0
-6.62035 2.09063 0
-6.62815 2.07136 0
-6.62245 2.04814 0
-6.62627 2.02774 0
-6.63195 2.00789 0
-6.6241 1.98423 0
-6.62965 1.96438 0
-6.63513 1.94452 0
-6.62705 1.92098 0
-6.63046 1.9006 0
-6.63189 1.87971 0
-6.6255 1.85681 0
-6.62484 1.83546 0
-6.61829 1.81266 0
-6.63106 1.79478 0
-6.63214 1.77395 0
-6.62732 1.7517 0
-6.62631 1.73044 0
-6.6369 1.71198 0
-6.63187 1.68981 0
-6.62286 1.66678 0
-6.63522 1.64872 0
-6.62021 1.62445 0
-6.61292 1.60202 0
-6.629 1.58477 0
-6.62548 1.56323 0
-6.61797 1.5409 0
-6.62018 1.52066 0
-6.62625 1.50123 0
-6.62441 1.48019 0
-6.62838 1.46035 0
-6.62445 1.43896 0
-6.6283 1.41911 0
-6.62815 1.39851 0
-6.62008 1.37646 0
-6.60996 1.35412 0
-6.62142 1.33573 0
-6.63873 1.31832 0
-6.6422 1.29844 0
-6.63576 1.27686 0
-6.5957 1.24975 0
-6.62856 1.23484 0
-6.6456 1.21719 0
-6.62615 1.17341 0
-5.30053 0.937406 0
-5.20186 0.907128 0
-5.21198 0.892837 0
-5.22404 0.878763 0
-5.22219 0.86275 0
-5.30164 0.841477 0
-5.31752 0.827497 0
-6.64166 0.973072 0
-6.64207 0.952939 0
-6.6305 0.931434 0
-6.63497 0.891703 0
-6.63712 0.871828 0
-6.6392 0.851947 0
-6.64321 0.832257 0
-6.64317 0.812164 0
-6.64308 0.792078 0
-6.63296 0.771097 0
-6.64269 0.751925 0
-6.6444 0.732026 0
-6.64206 0.711799 0
-6.63918 0.671554 0
-6.64662 0.652096 0
-6.64802 0.632186 0
-6.64735 0.612141 0
-6.64663 0.592104 0
-6.65183 0.572431 0
-6.64699 0.552168 0
-6.6301 0.531307 0
-6.6491 0.512344 0
-6.65006 0.492427 0
-6.62698 0.471463 0
-6.62781 0.451614 0
-6.63857 0.432136 0
-6.64728 0.412526 0
-6.63194 0.392117 0
-6.63852 0.372422 0
-6.63705 0.352489 0
-6.63751 0.332611 0
-6.62191 0.312433 0
-6.64025 0.29288 0
-6.64052 0.272991 0
-6.63274 0.253028 0
-6.63289 0.233162 0
-6.63298 0.213297 0
-6.63901 0.193431 0
-6.62298 0.173599 0
-6.63888 0.153662 0
-6.63872 0.133779 0
-6.6325 0.113971 0
-6.60823 0.0944847 0
-6.63788 0.0741329 0
-6.63947 0.0542087 0
-6.63901 0.0343232 0
-6.64048 0.0143833 0
-6.63989 -0.00550467 0
-6.63523 -0.0252534 0
-6.62852 -0.0448995 0
-6.62775 -0.0647493 0
-6.6349 -0.0849472 0
-6.63999 -0.105099 0
-6.62505 -0.124286 0
-6.63201 -0.144549 0
-6.64291 -0.165084 0
-6.64176 -0.184979 0
-6.63456 -0.204495 0
-6.63727 -0.224626 0
-6.63594 -0.244502 0
-6.63055 -0.264089 0
-6.63108 -0.284094 0
-6.62757 -0.303794 0
-6.62599 -0.323641 0
-6.62633 -0.34365 0
-6.63658 -0.364539 0
-6.63481 -0.384413 0
-6.63297 -0.404283 0
-6.63307 -0.424338 0
-6.6331 -0.4444 0
-6.6271 -0.463852 0
-6.62502 -0.483696 0
-6.62685 -0.503969 0
-6.63259 -0.524709 0
-6.64423 -0.546182 0
-6.62997 -0.56466 0
-6.63949 -0.585968 0
-6.63901 -0.606099 0
-6.60871 -0.622408 0
-6.59424 -0.640626 0
-6.62927 -0.665448 0
-6.62656 -0.685299 0
-6.63765 -0.707098 0
-6.62491 -0.725544 0
-6.62201 -0.74538 0
-6.62499 -0.766102 0
-6.60022 -0.782588 0
-2.72806 -0.257348 0
-2.72271 -0.264309 0
-2.7193 -0.271613 0
-2.70802 -0.277388 0
-2.7085 -0.285403 0
-2.71091 -0.293815 0
-2.70938 -0.301455 0
-2.70782 -0.309089 0
-2.70624 -0.316719 0
-2.70464 -0.324344 0
-2.6991 -0.331121 0
-2.69159 -0.337443 0
-2.70359 -0.348053 0
-2.71164 -0.357866 0
-2.71576 -0.366843 0
-2.714 -0.374497 0
-2.70637 -0.380773 0
-2.70457 -0.388398 0
-2.70274 -0.396017 0
-2.70089 -0.40363 0
-2.70872 -0.413647 0
-2.70294 -0.420303 0
-2.70876 -0.429892 0
-2.70293 -0.436524 0
-2.70482 -0.44515 0
-2.69895 -0.451746 0
-2.69113 -0.457793 0
-2.69874 -0.46799 0
-2.69666 -0.47559 0
-2.69071 -0.482112 0
-2.69244 -0.490772 0
-2.69991 -0.501092 0
-2.69197 -0.507035 0
-2.69169 -0.515174 0
-2.70098 -0.526147 0
-3.19043 -0.690432 0
-3.25079 -0.718829 0
-3.24602 -0.72756 0
-3.25459 -0.740439 0
-3.25166 -0.749771 0
-3.2487 -0.759093 0
-3.24572 -0.768405 0
-3.2427 -0.77771 0
-3.25296 -0.791382 0
-3.24987 -0.800708 0
-3.24675 -0.810025 0
-3.2474 -0.820618 0
-1.95977 -0.395202 0
-1.9315 -0.391249 0
-1.93155 -0.397125 0
-3.24616 -0.925179 0
-3.25575 -0.939436 0
-3.2522 -0.948771 0
-3.24863 -0.958094 0
-3.24316 -0.966681 0
-3.25256 -0.981092 0
-3.25074 -0.991153 0
-3.24517 -0.999729 0
-3.25442 -1.01427 0
-3.25064 -1.0236 0
-3.24868 -1.03368 0
-3.25223 -1.04605 0
-3.25204 -1.05692 0
-3.24813 -1.06624 0
-3.25707 -1.08103 0
-3.25308 -1.09036 0
-3.24906 -1.09969 0
-3.25418 -1.113 0
-3.25924 -1.12636 0
-3.25511 -1.1357 0
-3.2546 -1.14667 0
-3.25041 -1.156 0
-3.25529 -1.16946 0
-3.25466 -1.18046 0
-3.24854 -1.18895 0
-3.25872 -1.20502 0
-3.25253 -1.21351 0
-3.24994 -1.22369 0
-3.2455 -1.23301 0
-3.24104 -1.24231 0
-3.25814 -1.26208 0
-3.25359 -1.27142 0
-3.249 -1.28075 0
-3.25514 -1.2954 0
-3.25942 -1.30921 0
-3.25829 -1.32036 0
-3.28386 -1.34512 0
-3.3666 -1.41169 0
-3.37222 -1.42691 0
-3.37778 -1.44218 0
-3.36382 -1.44722 0
-3.35516 -1.455 0
-3.36939 -1.47505 0
-3.37121 -1.48854 0
-3.36771 -1.49919 0
-3.36943 -1.51272 0
-3.36409 -1.5224 0
-3.02987 -1.3945 0
-3.03183 -1.40713 0
-3.03547 -1.42079 0
-6.64088 -3.57141 0
-6.63943 -3.59741 0
-6.64131 -3.62549 0
-6.64136 -3.65259 0
-6.65328 -3.68699 0
-6.64115 -3.70691 0
-6.62726 -3.72573 0
-5.31899 -3.05244 0
-5.23997 -3.0237 0
-5.22992 -3.03921 0
-5.22986 -3.06126 0
-5.22636 -3.08114 0
-5.3871 -3.23317 0
-6.65407 -4.10886 0
-6.65388 -4.13774 0
-6.64861 -4.16329 0
-6.65478 -4.19676 0
-1.98985 -1.00204 0
-1.92338 -0.9715 0
-1.91974 -0.976682 0
-1.90793 -0.976065 0
-1.90428 -0.981198 0
-1.91035 -0.993326 0
-1.90016 -0.993776 0
-1.91746 -1.0142 0
-1.9024 -1.01108 0
-1.89541 -1.01382 0
-1.90769 -1.03084 0
-6.65106 -4.58638 0
-6.6569 -4.62192 0
-6.65302 -4.65029 0
-6.65538 -4.68353 0
-6.66236 -4.72049 0
-6.64701 -4.74043 0
-1.62211 -0.900071 0
-1.61559 -0.9018 0
-1.61216 -0.906022 0
-1.61647 -0.916567 0
-1.60837 -0.916979 0
-1.60336 -0.919902 0
-1.59988 -0.924087 0
-1.59179 -0.924403 0
-1.59899 -0.937585 0
-1.59698 -0.943051 0
-1.58887 -0.943316 0
-6.65562 -5.31188 0
-6.64599 -5.33833 0
-6.64077 -5.36873 0
-6.64445 -5.40705 0
-6.64496 -5.44281 0
-6.6453 -5.47862 0
-6.64697 -5.51583 0
-6.64104 -5.54641 0
-6.64981 -5.59043 0
-6.63175 -5.61032 0
-5.4238 -4.53961 0
-5.32228 -4.47568 0
-5.26225 -4.44926 0
-1.40976 -0.914561 0
-1.40056 -0.912573 0
-1.39853 -0.917522 0
-1.40077 -0.926673 0
-1.39727 -0.930225 0
-1.38809 -0.928128 0
-1.38034 -0.927398 0
-6.65607 -6.48988 0
-6.65175 -6.52718 0
-6.64039 -6.55724 0
-5.27331 -5.14412 0
-5.30169 -5.20797 0
-5.2753 -5.21339 0
-6.64113 -6.72891 0
-6.64384 -6.77531 0
-6.63824 -6.81293 0
-6.64992 -6.86985 0
-6.64391 -6.90758 0
-6.64973 -6.95877 0
-6.64467 -6.9981 0
-6.65001 -7.04946 0
-6.64191 -7.08588 0
-6.64678 -7.13741 0
-6.64353 -7.17996 0
-6.62965 -7.21043 0
-1.1932 -0.940775 0
-1.18333 -0.93594 0
-1.1798 -0.938815 0
-1.17626 -0.94168 0
-3.56078 -5.65182 0
-3.54646 -5.66906 0
-3.52623 -5.67578 0
-3.50792 -5.68594 0
-3.49342 -5.70305 0
-3.47694 -5.71661 0
-3.60302 -5.99406 0
-3.63855 -6.10668 0
-3.58882 -6.06069 0
-3.51752 -6.21278 0
-3.5498 -6.32646 0
-3.5874 -6.50446 0
-3.56032 -6.50224 0
-3.53416 -6.50172 0
-2.99113 -5.4359 0
-2.8741 -5.28137 0
-2.85017 -5.27503 0
-2.82801 -5.27222 0
-2.80927 -5.27658 0
-2.78717 -5.2736 0
-2.76344 -5.26691 0
-2.74724 -5.27651 0
-2.70737 -5.27914 0
-2.57013 -5.05996 0
-2.62307 -5.27252 0
-2.6013 -5.26883 0
-2.58191 -5.27058 0
-2.5571 -5.25937 0
-2.53547 -5.25543 0
-2.51465 -5.25326 0
-2.50069 -5.26766 0
-2.49346 -5.29871 0
-2.48007 -5.31492 0
-2.48144 -5.36825 0
-2.46777 -5.38444 0
-2.44745 -5.38385 0
-2.41194 -5.34404 0
-2.36807 -5.28167 0
-2.3403 -5.26019 0
-2.32188 -5.26291 0
-2.30556 -5.27118 0
-2.28713 -5.27379 0
-2.27076 -5.28196 0
-2.25437 -5.29008 0
-2.22845 -5.27181 0
-2.2067 -5.26474 0
-2.18702 -5.26324 0
-2.17066 -5.27111 0
-2.15754 -5.28838 0
-2.13785 -5.2867 0
-2.12205 -5.29632 0
-2.10492 -5.3021 0
-2.08589 -5.30213 0
-2.06563 -5.2983 0
-2.0516 -5.31341 0
-2.03197 -5.31136 0
-2.02027 -5.33401 0
-2.01084 -5.36427 0
-1.99589 -5.37734 0
-1.98441 -5.40183 0
-1.97105 -5.42058 0
-1.95412 -5.4278 0
-1.93202 -5.41772 0
-1.91339 -5.41907 0
-1.89812 -5.43188 0
-1.87947 -5.43312 0
-1.85755 -5.42275 0
-1.84057 -5.42963 0
-1.8375 -5.48657 0
-1.76437 -5.35731 0
-1.74965 -5.37164 0
-1.73229 -5.37626 0
-1.71442 -5.37888 0
-3.69223 -13.2958 0
-3.65114 -13.3103 0
-3.60615 -13.3091 0
-3.56452 -13.3214 0
-3.51769 -13.3122 0
-3.4728 -13.3107 0
-3.42841 -13.3109 0
-3.3854 -13.3168 0
-3.34061 -13.3148 0
-3.29893 -13.3263 0
-3.28663 -13.4704 0
-3.29393 -13.7084 0
-3.29222 -13.9114 0
-5.43608 -24.2516 0
-5.35783 -24.2578 0
-5.29125 -24.3206 0
-5.29601 -24.7381 0
-1.21249 -4.93594 0
-1.19757 -4.94479 0
-1.18508 -4.96737 0
