-0 -0 0
-0 -0 0
-0 -0 0
-0 -0 0
-0 -0 0
-0 -0 0
-0 -0 0
-0 -0 0
-0 -0 0
-0 -0 0
-0 -0 0
-0 -0 0
-0 -0 0
-0 -0 0
-0 -0 0
-0 -0 0
-0 -0 0
-0 -0 0
-0 -0 0
-0 -0 0
-0 -0 0
-0 -0 0
-0 -0 0
-0 -0 0
-0 -0 0
-0 -0 0
-0 -0 0
-0 -0 0
-0 -0 0
-0 -0 0
-0 -0 0
-0 -0 0
-0 -0 0
-0 -0 0
-0 -0 0
-0 -0 0
-0 -0 0
-0 -0 0
-0 -0 0
-0 -0 0
-0 -0 0
-0 -0 0
-0 -0 0
-0 -0 0
-0 -0 0
-60.1317 -79.901 0
-59.8824 -80.0881 0
-59.6325 -80.2743 0
-59.382 -80.4598 0
-59.131 -80.6445 0
-58.8793 -80.8284 0
-58.6271 -81.0115 0
-58.3744 -81.1938 0
-58.121 -81.3753 0
-0 -0 0
-0 -0 0
-0 -0 0
-0 -0 0
-0 -0 0
-0 -0 0
-0 -0 0
-0 -0 0
-0 -0 0
-0 -0 0
-0 -0 0
-0 -0 0
-0 -0 0
-0 -0 0
-2.19514 -3.39874 0
-2.18562 -3.40725 0
-2.17714 -3.41742 0
-2.16968 -3.42926 0
-2.15899 -3.43601 0
-2.1525 -3.44951 0
-2.13753 -3.4494 0
-2.13096 -3.46286 0
-2.12016 -3.46948 0
-2.10933 -3.47607 0
-2.10571 -3.49462 0
-2.0907 -3.4943 0
-2.08287 -3.50596 0
-2.07498 -3.5176 0
-2.06906 -3.53268 0
-2.05703 -3.53738 0
-2.047 -3.54551 0
-2.03992 -3.55881 0
-2.02783 -3.56341 0
-2.01966 -3.57494 0
-2.00851 -3.58122 0
-2.0022 -3.5962 0
-1.98905 -3.59892 0
-1.97975 -3.60861 0
-1.97328 -3.62354 0
-1.96483 -3.63495 0
-1.95349 -3.64106 0
-1.93931 -3.64183 0
-1.92982 -3.6514 0
-1.91843 -3.65739 0
-1.91349 -3.67577 0
-1.90202 -3.68172 0
-1.8951 -3.69653 0
-1.88357 -3.70242 0
-1.87202 -3.70827 0
-1.86225 -3.71766 0
-1.8551 -3.7324 0
-1.84346 -3.73817 0
-1.83795 -3.75647 0
-1.82536 -3.76038 0
-1.81971 -3.77866 0
-1.80792 -3.78432 0
-1.80126 -3.80078 0
-1.79026 -3.80818 0
-1.77838 -3.81374 0
-1.76564 -3.81745 0
-1.75957 -3.83566 0
-1.75092 -3.84841 0
-1.74139 -3.85932 0
-1.72935 -3.86472 0
-1.7173 -3.8701 0
-1.71087 -3.88824 0
-1.69874 -3.89356 0
-1.68977 -3.90617 0
-1.67602 -3.90775 0
-1.66618 -3.91847 0
-1.66017 -3.93839 0
-1.65251 -3.95462 0
-1.63789 -3.9542 0
-1.62783 -3.96484 0
-1.61471 -3.96804 0
-1.60608 -3.98233 0
-1.59811 -3.99846 0
-1.58785 -4.009 0
-1.57535 -4.01393 0
-1.56573 -4.02627 0
-1.55533 -4.03673 0
-1.54702 -4.05277 0
-1.53439 -4.05757 0
-1.52454 -4.06983 0
-1.51115 -4.07268 0
-1.50328 -4.09052 0
-1.49258 -4.10082 0
-1.47979 -4.10545 0
-1.47169 -4.12323 0
-1.4615 -4.13534 0
-1.45059 -4.14554 0
-1.44159 -4.16138 0
-1.42926 -4.16774 0
-1.42076 -4.18543 0
-1.40644 -4.18605 0
-1.3978 -4.2037 0
-1.38407 -4.20613 0
-1.37343 -4.21803 0
-1.29833 -4.03002 0
-1.25297 -3.93115 0
-1.24131 -3.93694 0
-1.22368 -3.92361 0
-1.20968 -3.92167 0
-1.20503 -3.95029 0
-1.19329 -3.95594 0
-1.19239 -3.99797 0
-1.17201 -3.97481 0
-1.15178 -3.95157 0
-1.12949 -3.92054 0
-1.11726 -3.92404 0
-0 -0 0
-0 -0 0
-0 -0 0
-0 -0 0
-1.05236 -3.92745 0
-1.01044 -3.81858 0
-0.984882 -3.76946 0
-0.94965 -3.68149 0
-0.928795 -3.64761 0
-0.917422 -3.65048 0
-0.90604 -3.65333 0
-0.903206 -3.6911 0
-0.896861 -3.71528 0
-0.888056 -3.72973 0
-0.880085 -3.74806 0
-0.871106 -3.76248 0
-0.859821 -3.76712 0
-0.851149 -3.78344 0
-0.841084 -3.79389 0
-0.833097 -3.81407 0
-0.822889 -3.82447 0
-0.814282 -3.84267 0
-0.807204 -3.86869 0
-0.793533 -3.86335 0
-0.781885 -3.86776 0
-0.770607 -3.8741 0
-0.754688 -3.85686 0
-0.744176 -3.86705 0
-0.742159 -3.92241 0
-0.874015 -4.69941 0
-0.86296 -4.72179 0
-0.85036 -4.73627 0
-0.836984 -4.74677 0
-0.824574 -4.76315 0
-0.81274 -4.78345 0
-0.798814 -4.79187 0
-0.786135 -4.80816 0
-0.772096 -4.81651 0
-0.760184 -4.83865 0
-0.745405 -4.84297 0
-0.733884 -4.869 0
-0.718706 -4.87127 0
-0.705234 -4.88536 0
-0.691962 -4.9014 0
-0.678597 -4.9174 0
-0.664069 -4.92544 0
-0.61269 -4.65384 0
-0.592575 -4.61209 0
-0.581182 -4.63773 0
-0.603586 -4.94127 0
-0.59409 -4.99278 0
-0.580137 -5.00851 0
-0.567436 -5.03613 0
-0.553044 -5.04981 0
-0.537302 -5.05151 0
-0.523609 -5.07305 0
-0.508592 -5.08262 0
-0.494679 -5.10408 0
-0.479889 -5.11755 0
-0.465201 -5.13296 0
-0.450944 -5.15431 0
-0.435886 -5.16765 0
-0.420749 -5.18094 0
-0.405534 -5.19419 0
-0.39039 -5.20939 0
-0.374582 -5.21657 0
-0.36024 -5.24565 0
-0.344282 -5.25273 0
-0.329155 -5.27374 0
-0.313072 -5.28073 0
-0.297622 -5.29965 0
-0.281845 -5.31453 0
-0.265978 -5.32937 0
-0.250395 -5.35215 0
-0.234236 -5.36489 0
-0.218243 -5.38358 0
-0.201838 -5.39423 0
-0.185367 -5.40482 0
-0.169207 -5.42736 0
-0.152628 -5.43986 0
-0.135872 -5.44831 0
-0.0908807 -4.16501 0
-0.0764035 -4.08529 0
-0.0671301 -4.30748 0
-0.0688888 -5.52557 0
-0.0518728 -5.54776 0
-0.0346071 -5.55189 0
-0.0174095 -5.58597 0
1.04974e-07 -5.606 0
0.0175032 -5.61597 0
0.0351558 -5.63989 0
0.0529015 -5.65775 0
0.0708088 -5.67956 0
0.0887278 -5.69331 0
0.106958 -5.719 0
0.124825 -5.72064 0
0.143302 -5.74621 0
0.161659 -5.76173 0
0.180239 -5.78119 0
0.198804 -5.79659 0
0.217393 -5.80993 0
0.236471 -5.83321 0
0.255871 -5.86042 0
0.274696 -5.87158 0
0.294191 -5.89466 0
0.312773 -5.89771 0
0.310518 -5.52929 0
0.326211 -5.50234 0
0.35046 -5.61507 0
0.392157 -5.98316 0
0.412584 -6.00785 0
0.432596 -6.02449 0
0.45406 -6.05901 0
0.473409 -6.06355 0
0.494733 -6.09194 0
0.51523 -6.10831 0
0.536357 -6.13058 0
0.556544 -6.14083 0
0.578481 -6.16894 0
0.599827 -6.189 0
0.621104 -6.207 0
0.6425 -6.22493 0
0.665282 -6.25472 0
0.686732 -6.27051 0
0.709631 -6.29815 0
0.731788 -6.31776 0
0.755256 -6.34722 0
0.778914 -6.3766 0
0.802266 -6.40193 0
0.820685 -6.38749 0
0.837456 -6.36111 0
0.858346 -6.3664 0
0.892948 -6.47068 0
0.921219 -6.52529 0
0.94498 -6.54614 0
0.966837 -6.55306 0
0.983679 -6.52628 0
1.01345 -6.58446 0
1.04265 -6.6366 0
1.0684 -6.66491 0
0.822279 -5.02922 0
0.831043 -4.98521 0
0.852272 -5.01611 0
0.882912 -5.10014 0
1.17629 -6.67109 0
1.1992 -6.6792 0
1.22468 -6.70101 0
1.24081 -6.6716 0
1.27126 -6.71879 0
1.2578 -6.53607 0
1.28316 -6.55764 0
0 -0 0
1.33392 -6.59852 0
1.35931 -6.61784 0
1.38034 -6.61553 0
1.40219 -6.61707 0
1.42743 -6.63417 0
1.44896 -6.6336 0
1.47309 -6.64467 0
1.49423 -6.642 0
1.52516 -6.68216 0
1.55184 -6.7027 0
1.57638 -6.71341 0
1.60332 -6.73376 0
1.63462 -6.7715 0
1.67664 -6.85185 0
1.74035 -7.01741 0
1.86653 -7.42705 0
1.90546 -7.48322 0
1.92877 -7.47724 0
1.68815 -6.4611 0
1.7047 -6.44227 0
1.75272 -6.54125 0
2.07944 -7.66494 0
2.11709 -7.70856 0
2.15235 -7.74239 0
2.18839 -7.778 0
2.22631 -7.81923 0
2.26341 -7.85646 0
2.29964 -7.88969 0
2.33892 -7.93236 0
2.37221 -7.95378 0
2.06429 -6.84343 0
1.89246 -6.20377 0
1.66831 -5.40854 0
1.65837 -5.3174 0
1.67433 -5.3103 0
1.76618 -5.54134 0
2.03244 -6.30869 0
0 -0 0
2.06672 -6.2807 0
0 -0 0
2.03768 -6.06484 0
2.05207 -6.0452 0
2.07544 -6.05202 0
2.10411 -6.07387 0
2.13757 -6.10881 0
2.15393 -6.09458 0
2.183 -6.11609 0
2.22172 -6.16382 0
2.29359 -6.30158 0
2.32632 -6.33007 0
2.31404 -6.23653 0
2.33767 -6.24053 0
2.90607 -7.68488 0
2.92786 -7.67018 0
2.33983 -6.07283 0
2.28916 -5.88656 0
2.43536 -6.2052 0
2.45469 -6.19758 0
2.46509 -6.16762 0
2.503 -6.20628 0
2.60148 -6.39296 0
3.08172 -7.506 0
3.1028 -7.49082 0
3.12227 -7.47188 0
3.14011 -7.44921 0
3.16331 -7.43939 0
3.18254 -7.42031 0
3.20168 -7.40117 0
2.14422 -4.91461 0
2.16275 -4.91522 0
2.17725 -4.90663 0
2.19253 -4.89982 0
2.19298 -4.86015 0
2.13855 -4.70037 0
2.14568 -4.67733 0
2.15941 -4.6688 0
2.17395 -4.66205 0
2.19613 -4.67154 0
2.27663 -4.80383 0
2.30969 -4.83461 0
2.40111 -4.98596 0
2.45944 -5.06662 0
2.48488 -5.07869 0
2.49805 -5.06554 0
2.41323 -4.85535 0
2.37103 -4.73336 0
2.37675 -4.70809 0
2.3887 -4.69531 0
2.40332 -4.68784 0
2.53909 -4.91488 0
3.63211 -6.97723 0
3.6492 -6.95702 0
3.66619 -6.93677 0
3.69343 -6.9359 0
2.51892 -4.69496 0
2.53544 -4.6906 0
2.56153 -4.70375 0
2.5704 -4.68523 0
3.77494 -6.83024 0
3.8001 -6.82544 0
3.81157 -6.79611 0
3.83077 -6.78072 0
3.85287 -6.77049 0
3.866 -6.74456 0
3.87 -6.70304 0
3.90093 -6.70823 0
3.92283 -6.69777 0
3.93454 -6.67001 0
3.95326 -6.65427 0
3.97295 -6.6402 0
3.98744 -6.61751 0
4.00804 -6.60505 0
4.02757 -6.59082 0
4.04285 -6.56972 0
4.0633 -6.55709 0
4.07948 -6.5376 0
4.09452 -6.51639 0
4.11481 -6.5036 0
4.13183 -6.48568 0
4.14771 -6.46604 0
4.16784 -6.45308 0
4.18684 -6.43838 0
4.20141 -6.41694 0
4.22139 -6.40381 0
4.24133 -6.39062 0
4.25456 -6.36739 0
4.27215 -6.35078 0
4.29192 -6.33744 0
4.31391 -6.32734 0
4.32342 -6.29902 0
4.34303 -6.28552 0
4.3626 -6.27195 0
4.37754 -6.25177 0
4.39585 -6.23646 0
4.4141 -6.2211 0
4.43347 -6.20731 0
4.44696 -6.18534 0
4.46739 -6.17307 0
4.48307 -6.15427 0
4.4975 -6.13382 0
4.51422 -6.11655 0
4.53207 -6.10085 0
4.54507 -6.07868 0
4.57001 -6.07248 0
4.58529 -6.05342 0
4.59565 -6.02797 0
4.61441 -6.01362 0
4.63313 -5.99921 0
4.64444 -5.97526 0
4.66551 -5.96391 0
4.68284 -5.94777 0
4.70135 -5.93315 0
4.72481 -5.92472 0
4.73449 -5.89905 0
4.7541 -5.88582 0
4.77116 -5.86942 0
4.78943 -5.85452 0
4.80766 -5.83957 0
4.82583 -5.82455 0
4.84396 -5.80949 0
4.86205 -5.79436 0
4.88008 -5.77918 0
4.89289 -5.75784 0
4.91081 -5.74257 0
4.92868 -5.72723 0
4.94913 -5.71487 0
4.96692 -5.69942 0
4.98202 -5.6809 0
4.99705 -5.66235 0
5.01733 -5.64974 0
5.02825 -5.62662 0
5.04576 -5.61092 0
5.05786 -5.58923 0
5.08064 -5.57936 0
5.0926 -5.5576 0
5.10718 -5.53876 0
5.13258 -5.53161 0
5.14707 -5.51266 0
5.17107 -5.50388 0
5.17446 -5.47321 0
5.19287 -5.4585 0
5.20433 -5.43651 0
5.21431 -5.41306 0
3.85725 -3.97938 0
3.67692 -3.76975 0
3.4701 -3.53561 0
3.44175 -3.48493 0
3.50899 -3.53093 0
3.59493 -3.59493 0
3.87424 -3.85016 0
3.77522 -3.72845 0
3.75828 -3.68865 0
3.75114 -3.65876 0
3.81997 -3.70273 0
4.11237 -3.96138 0
4.21861 -4.03844 0
4.13698 -3.93566 0
4.16522 -3.93787 0
3.83785 -3.60578 0
3.73797 -3.49007 0
3.7283 -3.45936 0
3.72583 -3.43552 0
3.73947 -3.42659 0
3.69542 -3.3651 0
3.71627 -3.36296 0
3.73268 -3.35671 0
3.72672 -3.3304 0
0 -0 0
3.75191 -3.31108 0
0 -0 0
3.78303 -3.29682 0
3.77968 -3.27323 0
3.79744 -3.26796 0
3.80609 -3.25481 0
3.8345 -3.25847 0
3.83394 -3.23747 0
3.86393 -3.24222 0
3.87401 -3.23016 0
3.99341 -3.30867 0
4.71859 -3.88477 0
4.76164 -3.89537 0
4.80634 -3.90701 0
0 -0 0
5.10512 -4.0973 0
4.28131 -3.41423 0
4.27155 -3.38472 0
4.30251 -3.38748 0
4.34297 -3.39747 0
4.46882 -3.47351 0
5.09062 -3.93144 0
5.38052 -4.12862 0
6.00888 -4.5811 0
5.16701 -3.91386 0
3.99985 -3.01019 0
3.98678 -2.98095 0
3.96716 -2.94704 0
6.11655 -4.51422 0
6.13382 -4.4975 0
6.17044 -4.49485 0
6.18928 -4.47911 0
6.22107 -4.47264 0
6.24963 -4.4637 0
6.26351 -4.4442 0
6.2806 -4.42696 0
6.296 -4.40851 0
6.31956 -4.39572 0
6.33323 -4.376 0
6.35344 -4.36077 0
6.367 -4.34094 0
6.38546 -4.32444 0
6.39725 -4.30341 0
6.41229 -4.28456 0
6.43562 -4.27119 0
6.45223 -4.25331 0
6.46546 -4.23318 0
6.48365 -4.21628 0
6.51188 -4.20582 0
6.52159 -4.18334 0
6.53966 -4.16622 0
6.55599 -4.14796 0
6.5655 -4.12538 0
5.83006 -3.63797 0
5.72066 -3.54499 0
5.73509 -3.52924 0
5.73241 -3.503 0
5.77749 -3.50587 0
5.94599 -3.58281 0
6.00862 -3.59507 0
6.7007 -3.98084 0
6.7303 -3.9701 0
6.74782 -3.95214 0
5.37523 -3.12577 0
5.29661 -3.058 0
5.27488 -3.02357 0
5.25821 -2.99228 0
5.18741 -2.93063 0
5.1407 -2.88314 0
5.12519 -2.85348 0
5.12356 -2.83169 0
5.12184 -2.80994 0
5.10949 -2.78248 0
5.10231 -2.75798 0
5.10559 -2.73923 0
5.11057 -2.72143 0
5.11549 -2.70362 0
5.13275 -2.69231 0
5.15176 -2.68184 0
5.19741 -2.68504 0
5.23423 -2.68343 0
5.26217 -2.67708 0
5.2937 -2.67238 0
5.2877 -2.64871 0
5.27264 -2.62064 0
5.27182 -2.59977 0
5.29067 -2.5886 0
5.28792 -2.56686 0
5.27788 -2.54169 0
5.31465 -2.53902 0
5.33338 -2.52759 0
5.3539 -2.51691 0
5.3599 -2.49936 0
5.37674 -2.48685 0
5.38265 -2.46924 0
5.42127 -2.46653 0
5.47633 -2.47101 0
5.50043 -2.46129 0
5.49711 -2.43926 0
5.51933 -2.42856 0
5.49937 -2.39935 0
5.48113 -2.37108 0
5.49768 -2.35793 0
5.51605 -2.34548 0
5.64865 -2.38111 0
7.38515 -3.08603 0
7.40212 -3.06606 0
7.41904 -3.04601 0
5.92242 -2.41001 0
5.8316 -2.35189 0
5.86304 -2.34335 0
5.82011 -2.30519 0
5.65599 -2.21981 0
5.61069 -2.18188 0
5.61746 -2.16438 0
5.66342 -2.16184 0
5.76928 -2.18167 0
5.87157 -2.19946 0
5.88777 -2.18463 0
5.93772 -2.18214 0
5.9802 -2.17662 0
5.81762 -2.09693 0
5.72618 -2.04383 0
5.73441 -2.02664 0
7.63602 -2.67196 0
6.792 -2.35289 0
6.76336 -2.31938 0
6.78002 -2.30151 0
6.90849 -2.32113 0
6.94227 -2.30842 0
6.96082 -2.29053 0
7.00026 -2.27935 0
7.03969 -2.26794 0
7.05054 -2.24721 0
7.07849 -2.23184 0
7.06441 -2.20322 0
6.68519 -2.06211 0
6.53089 -1.99224 0
6.51409 -1.96495 0
6.5106 -1.94178 0
6.49552 -1.91526 0
6.50914 -1.89724 0
6.51694 -1.8775 0
6.5343 -1.86046 0
6.54392 -1.84117 0
5.96577 -1.65846 0
5.73755 -1.57577 0
5.8428 -1.58511 0
5.86897 -1.57258 0
5.66696 -1.49954 0
5.66193 -1.47935 0
5.62972 -1.4522 0
5.61677 -1.43021 0
5.58823 -1.40441 0
5.55375 -1.37735 0
5.54054 -1.35576 0
5.5214 -1.33285 0
5.50024 -1.30962 0
5.4673 -1.28378 0
5.44789 -1.26132 0
5.42255 -1.23766 0
5.40687 -1.21637 0
5.3833 -1.19345 0
5.35963 -1.17069 0
5.35348 -1.15188 0
5.31596 -1.12648 0
5.3077 -1.10745 0
5.28565 -1.08568 0
5.28901 -1.0692 0
5.2982 -1.05388 0
5.31324 -1.03966 0
5.32824 -1.02537 0
5.33141 -1.00876 0
5.35419 -0.995792 0
5.36513 -0.980538 0
5.38785 -0.967347 0
5.39675 -0.951592 0
5.41348 -0.937155 0
5.42821 -0.922289 0
5.44486 -0.907669 0
5.45359 -0.891663 0
5.47609 -0.877827 0
5.4867 -0.861997 0
5.51308 -0.848544 0
5.5157 -0.831357 0
5.53013 -0.815914 0
5.54651 -0.800675 0
5.56284 -0.785342 0
5.57913 -0.769915 0
5.59141 -0.753859 0
5.62149 -0.740083 0
5.63567 -0.724089 0
5.65179 -0.708261 0
5.66787 -0.692341 0
5.68192 -0.676091 0
5.68996 -0.659069 0
5.70987 -0.643348 0
5.83312 -0.638831 0
6.38996 -0.679666 0
6.28063 -0.648249 0
6.2866 -0.629069 0
6.28654 -0.60928 0
6.33023 -0.593606 0
6.32607 -0.573332 0
6.34775 -0.555356 0
6.33152 -0.534057 0
6.31521 -0.512864 0
6.30481 -0.492245 0
6.31828 -0.47349 0
6.29579 -0.452076 0
9.64528 -0.662381 0
9.60539 -0.62957 0
9.57936 -0.597886 0
9.53925 -0.565542 0
9.50103 -0.533566 0
9.48867 -0.50321 0
9.44624 -0.471442 0
9.42369 -0.440877 0
9.39905 -0.410371 0
9.36031 -0.379455 0
9.33347 -0.349233 0
9.30653 -0.319183 0
9.27549 -0.289179 0
9.25236 -0.259596 0
9.22113 -0.22996 0
9.19381 -0.200609 0
9.1664 -0.171431 0
9.13289 -0.142332 0
9.10129 -0.113468 0
9.0656 -0.0847652 0
9.04583 -0.0563857 0
9.01996 -0.0281117 0
8.978 5.04348e-07 0
8.94196 0.0278696 0
8.92383 0.0556263 0
8.89361 0.083158 0
8.87131 0.110602 0
8.84093 0.137782 0
8.81446 0.16485 0
8.78991 0.191797 0
8.77527 0.218842 0
8.73456 0.245069 0
8.70777 0.27148 0
8.69489 0.298206 0
8.66594 0.324257 0
8.65089 0.350697 0
8.6118 0.376 0
8.58661 0.401716 0
8.55935 0.42718 0
8.53001 0.452371 0
8.51458 0.478169 0
8.47512 0.502455 0
8.44756 0.527247 0
8.4339 0.552788 0
8.41618 0.577974 0
8.37045 0.601051 0
4.04266 0.302956 0
4.00182 0.312441 0
3.95099 0.320864 0
3.92207 0.330823 0
3.94493 0.345137 0
3.94384 0.35743 0
3.97058 0.372334 0
3.94551 0.382392 0
3.94032 0.394289 0
3.96693 0.409442 0
3.92784 0.417785 0
3.89869 0.426976 0
3.8715 0.436214 0
3.87012 0.448278 0
3.84289 0.457265 0
3.84145 0.46924 0
3.80028 0.476237 0
3.78489 0.486294 0
3.82301 0.503309 0
3.82539 0.515756 0
3.83763 0.52959 0
3.81616 0.538752 0
3.8105 0.550072 0
3.80085 0.560777 0
3.78722 0.570832 0
3.80322 0.585371 0
3.79149 0.59567 0
3.77579 0.605267 0
3.77389 0.617032 0
3.74828 0.624845 0
3.74631 0.636524 0
3.74037 0.647514 0
3.72651 0.657085 0
3.72445 0.668696 0
3.72628 0.68102 0
3.73594 0.694824 0
3.73375 0.706464 0
3.71582 0.715074 0
3.7175 0.72742 0
3.71914 0.739783 0
3.72466 0.752956 0
3.63609 0.746855 0
3.622 0.755733 0
3.62549 0.768261 0
3.6309 0.78124 0
3.61282 0.789138 0
3.61425 0.80126 0
3.58637 0.806814 0
3.51364 0.801966 0
3.45657 0.800281 0
3.44043 0.80785 0
3.42038 0.814399 0
3.42366 0.826464 0
3.42884 0.839031 0
3.41068 0.845863 0
3.43324 0.862825 0
3.4441 0.876976 0
3.45684 0.891702 0
3.47727 0.908539 0
3.46475 0.916814 0
3.48506 0.933819 0
3.50723 0.951484 0
3.54282 0.973004 0
96.3464 26.7839 0
96.2624 27.0841 0
96.1775 27.3839 0
96.0917 27.6836 0
96.005 27.9829 0
0 0 0
0 0 0
0 0 0
0 0 0
0 0 0
0 0 0
0 0 0
0 0 0
0 0 0
0 0 0
0 0 0
0 0 0
0 0 0
0 0 0
0 0 0
0 0 0
0 0 0
0 0 0
0 0 0
0 0 0
0 0 0
0 0 0
0 0 0
0 0 0
0 0 0
0 0 0
0 0 0
0 0 0
0 0 0
0 0 0
0 0 0
0 0 0
0 0 0
0 0 0
0 0 0
6.33145 2.64572 0
6.30474 2.65767 0
6.29643 2.67731 0
6.29357 2.69928 0
6.26493 2.71015 0
6.25095 2.72726 0
6.24242 2.74673 0
6.21372 2.75725 0
6.2051 2.7766 0
6.19277 2.79429 0
5.10087 2.32076 0
6.15705 2.82449 0
6.14278 2.84115 0
6.13389 2.86028 0
6.10504 2.87002 0
6.09606 2.88904 0
6.08342 2.9063 0
6.06712 2.92177 0
6.05259 2.93805 0
6.03802 2.95426 0
6.0216 2.96953 0
6.00336 2.98383 0
5.98509 2.99805 0
5.97572 3.01669 0
5.94668 3.02532 0
5.94078 3.04566 0
5.92771 3.06233 0
5.90927 3.07617 0
5.89965 3.09457 0
5.88821 3.11201 0
5.86789 3.12471 0
5.85283 3.14014 0
5.8395 3.15647 0
5.83139 3.17561 0
5.81095 3.18799 0
5.79923 3.20512 0
5.78921 3.22318 0
5.76693 3.23436 0
5.75682 3.25232 0
5.74666 3.27024 0
5.72429 3.28118 0
5.7123 3.298 0
5.69854 3.31378 0
5.67783 3.32546 0
5.66227 3.34009 0
5.64152 3.35159 0
5.63791 3.37326 0
5.62394 3.38875 0
5.6048 3.40108 0
5.58906 3.4154 0
5.58349 3.43595 0
5.56426 3.44807 0
5.54161 3.45798 0
5.53758 3.47949 0
5.5098 3.48604 0
5.48879 3.49675 0
5.48797 3.52032 0
5.47025 3.53306 0
5.44915 3.54355 0
5.43641 3.55942 0
5.42696 3.57745 0
5.41078 3.59103 0
5.39956 3.60787 0
5.38166 3.62022 0
5.37035 3.63697 0
5.35568 3.65144 0
5.33438 3.66132 0
5.31142 3.66997 0
5.30653 3.69108 0
5.30647 3.71563 0
5.29486 3.73215 0
5.27505 3.74285 0
5.22755 3.7337 0
5.24025 3.76748 0
5.23982 3.792 0
0 0 0
5.19512 3.80922 0
0 0 0
4.09078 3.03887 0
3.9996 2.99053 0
3.99665 3.00779 0
3.99523 3.02627 0
3.9826 3.03628 0
0 0 0
4.02374 3.1075 0
4.02509 3.12862 0
5.06444 3.96186 0
5.0505 3.97639 0
5.02711 3.98342 0
4.14371 3.3045 0
5.00218 4.01467 0
4.98964 4.03024 0
4.97706 4.04578 0
4.96597 4.06253 0
4.95174 4.07672 0
4.93747 4.09086 0
4.91548 4.09854 0
4.90881 4.11898 0
4.89595 4.13426 0
4.87999 4.14691 0
3.98089 3.40429 0
4.8495 4.17334 0
4.84101 4.19236 0
4.82792 4.20742 0
4.81328 4.22113 0
4.7986 4.23479 0
4.78837 4.25238 0
4.77062 4.26329 0
4.74392 4.2661 0
4.74395 4.29294 0
4.73055 4.3077 0
4.69941 4.30621 0
4.68596 4.32084 0
4.6798 4.34222 0
4.67209 4.36225 0
4.64682 4.36583 0
4.63755 4.38442 0
4.62241 4.39747 0
4.60868 4.41185 0
4.58339 4.4151 0
4.58253 4.44189 0
4.56866 4.45615 0
4.54904 4.46476 0
4.5351 4.47892 0
4.52112 4.49303 0
4.51134 4.51134 0
4.48598 4.51403 0
4.48313 4.53937 0
4.46896 4.55332 0
4.45056 4.56294 0
4.41961 4.55955 0
4.4262 4.59491 0
4.41324 4.61013 0
4.39885 4.62386 0
4.38579 4.639 0
4.37131 4.65265 0
4.35406 4.66332 0
4.33542 4.67247 0
4.32084 4.68596 0
4.31162 4.7053 0
4.30097 4.72316 0
4.27684 4.72616 0
4.26743 4.74541 0
4.26062 4.76764 0
4.24574 4.78089 0
4.22685 4.7896 0
4.21454 4.80576 0
4.19954 4.81887 0
4.18188 4.82891 0
4.16812 4.84344 0
4.1517 4.85489 0
4.13655 4.8678 0
4.12265 4.8822 0
4.11513 4.90422 0
4.09982 4.91702 0
4.08448 4.92977 0
4.07036 4.94402 0
4.0562 4.95823 0
4.03821 4.96775 0
4.0227 4.98031 0
4.00967 4.99594 0
3.99906 5.01467 0
3.99211 5.03808 0
3.96897 5.04107 0
3.96063 5.06287 0
3.94606 5.07676 0
3.9131 5.06688 0
3.88999 5.06953 0
3.89721 5.11185 0
3.88125 5.12397 0
3.87368 5.14723 0
3.85164 5.15127 0
3.83556 5.16324 0
3.82301 5.18 0
3.79384 5.17415 0
3.78594 5.19726 0
3.78145 5.22524 0
1.79326 2.49427 0
1.64715 2.30618 0
1.59598 2.24932 0
1.54287 2.18889 0
1.52342 2.17567 0
1.4207 2.04249 0
1.42683 2.06501 0
1.41813 2.06614 0
1.41055 2.0689 0
1.39849 2.06501 0
1.39316 2.07102 0
1.38893 2.07867 0
1.38244 2.08299 0
1.37594 2.08729 0
1.36943 2.09157 0
1.3629 2.09583 0
1.3542 2.0967 0
1.34441 2.09587 0
1.3454 2.11185 0
1.34416 2.12449 0
1.34072 2.13375 0
1.33406 2.13791 0
1.32423 2.13696 0
1.31757 2.14108 0
1.31089 2.14517 0
1.3042 2.14925 0
1.30265 2.16187 0
1.29385 2.16249 0
1.29119 2.17338 0
1.28238 2.17395 0
1.27762 2.18139 0
1.26881 2.1819 0
1.259 2.18065 0
1.25717 2.19324 0
1.25033 2.19715 0
1.24151 2.19755 0
1.23661 2.2049 0
1.2346 2.21748 0
1.22478 2.21607 0
1.21883 2.22163 0
1.21763 2.23595 0
1.24585 2.30483 0
1.44762 2.69819 0
1.47023 2.76094 0
1.46068 2.76375 0
1.45764 2.77891 0
1.44897 2.78344 0
1.44028 2.78794 0
1.43159 2.79242 0
1.42288 2.79687 0
1.42046 2.81379 0
1.41169 2.8182 0
1.4029 2.82258 0
1.39586 2.83053 0
1.42483 2.91212 0
0.786041 1.6193 0
0.768842 1.59652 0
0.764724 1.60071 0
0.762302 1.60851 0
1.38949 2.95569 0
0.865522 1.85612 0
1.3383 2.89349 0
1.3301 2.89947 0
1.32106 2.9036 0
1.31776 2.92046 0
1.30866 2.92456 0
1.29953 2.92862 0
1.28959 2.93083 0
1.28605 2.94766 0
1.27765 2.95349 0
1.26765 2.95562 0
1.26391 2.97244 0
1.25464 2.97637 0
1.24613 2.98211 0
1.23989 2.99337 0
1.23208 3.00092 0
1.22272 3.00475 0
1.21858 3.02153 0
1.20916 3.02531 0
1.19973 3.02906 0
1.19393 3.0421 0
1.18807 3.05512 0
1.17854 3.05881 0
1.17043 3.06621 0
1.16087 3.06984 0
1.1548 3.08281 0
1.14658 3.09014 0
1.13626 3.09182 0
1.13209 3.11038 0
1.12171 3.11201 0
1.11268 3.11738 0
1.10296 3.12083 0
1.09322 3.12425 0
1.09134 3.15032 0
1.08151 3.15371 0
1.07168 3.15707 0
1.06566 3.17177 0
1.05892 3.18456 0
1.05024 3.19164 0
1.05082 3.22723 0
1.07264 3.32948 0
1.06226 3.33281 0
1.05548 3.34755 0
1.04861 3.36228 0
1.03518 3.35597 0
1.02355 3.35536 0
1.01944 3.37959 0
1.01119 3.39042 0
1.00118 3.39547 0
0.992833 3.40626 0
0.982212 3.40933 0
0.878476 3.08538 0
0.799521 2.84167 0
0 0 0
0.806157 2.93531 0
0.836279 3.08258 0
0.828738 3.09289 0
0.821653 3.10513 0
0.839273 3.21217 0
1.85084 7.17513 0
1.83143 7.19249 0
1.81291 7.21368 0
1.79379 7.23289 0
1.77789 7.26564 0
1.75524 7.27114 0
1.7321 7.27463 0
0.743843 3.16784 0
0.749305 3.23639 0
1.37562 6.027 0
1.6584 7.37176 0
1.63931 7.39447 0
1.28293 5.87352 0
1.24737 5.79732 0
1.2293 5.80118 0
1.21366 5.81673 0
1.19714 5.82832 0
0 0 0
1.20332 6.04948 0
1.48019 7.56454 0
1.45963 7.58483 0
1.43784 7.59917 0
1.41854 7.62721 0
0.378264 2.06972 0
0.360855 2.00986 0
0.352853 2.00113 0
0.346614 2.00222 0
0.338697 1.99343 0
0.332483 1.99448 0
0.328202 2.00735 0
0.320677 2.00046 0
0.318476 2.02714 0
0.310027 2.01428 0
0.303152 2.01128 0
0.299801 2.032 0
1.14043 7.90011 0
1.11944 7.92937 0
1.09664 7.94669 0
1.0748 7.97187 0
1.05361 8.00294 0
1.02866 8.00619 0
1.00569 8.02523 0
0.984555 8.06009 0
0.219298 1.843 0
0.203428 1.75626 0
0.195938 1.739 0
0.190299 1.73761 0
0.18446 1.73422 0
0.179054 1.73478 0
0.174642 1.74528 0
0.168623 1.73985 0
0.163013 1.73837 0
0.157594 1.73887 0
0.151651 1.73338 0
0.147424 1.74779 0
0.142138 1.75024 0
0.136216 1.74469 0
0.630721 8.4164 0
0.605203 8.4283 0
0.580029 8.44611 0
0.555533 8.47581 0
0.53061 8.50146 0
0.505531 8.52703 0
0.480411 8.55452 0
0.454594 8.57195 0
0.429671 8.60929 0
0.402837 8.61058 0
0.305597 6.99933 0
0.279001 6.88235 0
0.255232 6.82123 0
0 0 0
0 0 0
0 0 0
0 0 0
0 0 0
0.0298806 1.59772 0
0.0247763 1.58981 0
0.0198462 1.59188 0
0.0149596 1.59993 0
0.0099731 1.59997 0
0.00496157 1.59199 0
-1.48492e-07 1.586 0
-0 0 0
-0 0 0
-0 0 0
-0 0 0
-0 0 0
-0 0 0
-0.201832 9.2498 0
-0.231258 9.27312 0
-0.260551 9.28635 0
-0.228228 7.32044 0
-0.253304 7.38566 0
-0.275798 7.37084 0
-0.381401 9.40827 0
-0.412291 9.443 0
-0.442842 9.46565 0
-0.474833 9.51416 0
-0.505754 9.5366 0
-0.537829 9.57691 0
-0.569213 9.60114 0
-0.60175 9.64124 0
-0.633234 9.66127 0
-0.666219 9.70115 0
-0.6986 9.72895 0
-0.729965 9.74069 0
-0 0 0
-0 0 0
-0 0 0
-0 0 0
-0 0 0
-0 0 0
-0.141805 1.46314 0
-0.145369 1.45274 0
-0.149896 1.45228 0
-0.154422 1.45181 0
-0 0 0
-0 0 0
-0 0 0
-0 0 0
-0 0 0
-0 0 0
-12.7436 99.1847 0
-13.0526 99.1445 0
-13.3616 99.1033 0
-0 0 0
-0 0 0
-0 0 0
-0 0 0
-0 0 0
-0 0 0
-0 0 0
-0 0 0
-0 0 0
-0 0 0
-0 0 0
-0 0 0
-0 0 0
-0 0 0
-0 0 0
-0 0 0
-0 0 0
-0 0 0
-0 0 0
-19.509 98.0785 0
-19.8146 98.0173 0
-20.12 97.955 0
-20.4252 97.8918 0
-20.7302 97.8277 0
-21.035 97.7626 0
-21.3396 97.6966 0
-21.644 97.6296 0
-21.9481 97.5617 0
-2.08947 9.15457 0
-0 0 0
-0 0 0
-0 0 0
-2.90224 12.0227 0
-0 0 0
-0 0 0
-0 0 0
-0 0 0
-0 0 0
-0 0 0
-0 0 0
-0 0 0
-0 0 0
-0 0 0
-1.79827 6.4687 0
-1.82059 6.47076 0
-1.83965 6.46121 0
-1.85978 6.45544 0
-1.88213 6.4573 0
-1.90338 6.45524 0
-2.01037 6.74059 0
-2.06487 6.84535 0
-2.06752 6.77767 0
-0 0 0
-0 0 0
-0 0 0
-0 0 0
-0 0 0
-2.22548 6.83481 0
-2.28303 6.93803 0
-2.35575 7.0846 0
-2.38228 7.0905 0
-2.39987 7.06978 0
-2.418 7.05092 0
-2.04847 5.91324 0
-2.00546 5.73126 0
-2.02197 5.72121 0
-2.03442 5.69981 0
-2.0481 5.68215 0
-2.06443 5.67198 0
-2.07796 5.65426 0
-2.09001 5.63276 0
-2.10826 5.62809 0
-0 0 0
-2.1383 5.60176 0
-0 0 0
-2.08039 5.34973 0
-2.18255 5.56104 0
-2.19324 5.53748 0
-2.20603 5.51947 0
-2.22098 5.507 0
-2.2306 5.48153 0
-2.24311 5.46345 0
-2.2563 5.44719 0
-2.27635 5.44752 0
-2.30342 5.46435 0
-2.32435 5.46635 0
-2.36109 5.50503 0
-2.3822 5.50682 0
-2.39615 5.49204 0
-2.39312 5.43878 0
-2.38005 5.36366 0
-2.3845 5.32883 0
-2.39945 5.31773 0
-2.41684 5.31204 0
-2.43172 5.30085 0
-2.44906 5.29506 0
-2.4664 5.28921 0
-2.47181 5.25797 0
-2.48219 5.23759 0
-2.49505 5.22261 0
-2.51219 5.21661 0
-2.53367 5.21955 0
-2.54641 5.20444 0
-2.56439 5.20007 0
-2.58058 5.19205 0
-2.59407 5.17862 0
-2.60569 5.16158 0
-2.6263 5.16235 0
-2.63872 5.14702 0
-2.66301 5.15476 0
-2.69107 5.1695 0
-2.71089 5.16817 0
-2.73633 5.17738 0
-2.75903 5.18118 0
-2.77611 5.17432 0
-2.78461 5.15157 0
-2.79874 5.13935 0
-2.81859 5.13762 0
-2.83266 5.12531 0
-2.84084 5.10248 0
-2.8577 5.09534 0
-2.90013 5.13343 0
-9.49617 16.6872 0
-2.86046 4.99032 0
-2.881 4.99004 0
-2.89654 4.98103 0
-2.91104 4.97026 0
-2.99663 5.08002 0
-7.10974 11.9674 0
-7.14906 11.9486 0
-7.18007 11.916 0
-7.21821 11.8952 0
-7.24482 11.8556 0
-7.27545 11.8228 0
-7.30699 11.7915 0
-7.34159 11.7653 0
-7.37184 11.7322 0
-7.40944 11.7109 0
-7.52005 11.8041 0
-7.68314 11.9776 0
-7.82786 12.1199 0
-13.6225 20.9482 0
-13.6822 20.8973 0
-13.7737 20.8946 0
-14.0655 21.1932 0
-0 0 0
-0 0 0
-0 0 0
-0 0 0
-2.95283 4.30213 0
-2.96963 4.29784 0
-2.99443 4.30499 0
-0 0 0
-0 0 0
-0 0 0
-0 0 0
-0 0 0
-0 0 0
-0 0 0
-0 0 0
-0 0 0
-0 0 0
-0 0 0
-0 0 0
-0 0 0
-0 0 0
-0 0 0
-0 0 0
-0 0 0
-0 0 0
-0 0 0
-0 0 0
-0 0 0
-0 0 0
-0 0 0
-0 0 0
-0 0 0
-0 0 0
-0 0 0
-0 0 0
-0 0 0
-0 0 0
-0 0 0
-0 0 0
-0 0 0
-0 0 0
-0 0 0
-0 0 0
-0 0 0
-0 0 0
-0 0 0
-0 0 0
-0 0 0
-0 0 0
-0 0 0
-0 0 0
-0 0 0
-0 0 0
-0 0 0
-0 0 0
-0 0 0
-0 0 0
-0 0 0
-0 0 0
-0 0 0
-0 0 0
-0 0 0
-0 0 0
