-3.23552 -1.00644 0
-3.23488 -1.01775 0
-3.24003 -1.03047 0
-3.24125 -1.04228 0
-3.23855 -1.05313 0
-3.23776 -1.06447 0
-3.23499 -1.07531 0
-3.23219 -1.08614 0
-3.25063 -1.10257 0
-3.23808 -1.11087 0
-3.23517 -1.12172 0
-3.2438 -1.13571 0
-3.24274 -1.14711 0
-3.23972 -1.15796 0
-3.24435 -1.17099 0
-3.23549 -1.1802 0
-3.24196 -1.19382 0
-3.23879 -1.20468 0
-3.23559 -1.21552 0
-3.24384 -1.22981 0
-3.24056 -1.24067 0
-3.23916 -1.2521 0
-3.2339 -1.26236 0
-3.24196 -1.27678 0
-3.23853 -1.28763 0
-3.22555 -1.29542 0
-2.79784 -1.16856 0
-2.7062 -1.15918 0
-2.71452 -1.17218 0
-3.34039 -1.40664 0
-3.34789 -1.42172 0
-3.35912 -1.43817 0
-3.35519 -1.44939 0
-3.36441 -1.46529 0
-3.35663 -1.47517 0
-3.35446 -1.48706 0
-1.96568 -0.99878 0
-1.90628 -0.992065 0
-1.89066 -0.993778 0
-1.67484 -0.925358 0
-1.60134 -0.910112 0
-1.59906 -0.915854 0
-1.60048 -0.923081 0
-1.59816 -0.92882 0
-1.59397 -0.933794 0
-1.59902 -0.942567 0
-6.62211 -3.06748 0
-6.61677 -3.09042 0
-6.62238 -3.11807 0
-1.38246 -0.919281 0
-1.38379 -0.926005 0
-1.38146 -0.931069 0
-1.37549 -0.934438 0
-1.37133 -0.938627 0
-1.16968 -0.926456 0
-1.17089 -0.932729 0
-1.16501 -0.935242 0
-1.16618 -0.941522 0
-1.16908 -0.948772 0
-1.16317 -0.951246 0
-1.15552 -0.952725 0
-5.37697 -3.51272 0
-5.43182 -3.56917 0
-5.45552 -3.60745 0
-5.36611 -3.57754 0
-6.62769 -4.37065 0
-6.62653 -4.39937 0
-6.62186 -4.42602 0
-6.62218 -4.45584 0
-6.62917 -4.48997 0
-6.63938 -4.52631 0
-6.62244 -4.54559 0
-6.62059 -4.57451 0
-6.63041 -4.61104 0
-6.63503 -4.64442 0
-6.62611 -4.66911 0
-6.61376 -4.69159 0
-6.62969 -4.73281 0
-6.62546 -4.76087 0
-6.62112 -4.78894 0
-6.62992 -4.82598 0
-6.62369 -4.853 0
-6.62065 -4.88229 0
-6.61749 -4.9116 0
-6.62243 -4.94664 0
-6.62532 -5.01235 0
-6.62166 -5.04182 0
-6.61462 -5.06899 0
-6.62211 -5.10666 0
-6.6278 -5.14325 0
-6.61393 -5.16581 0
-5.46689 -4.35928 0
-5.41519 -4.34859 0
-5.41021 -4.37216 0
-6.625 -5.30591 0
-6.62499 -5.3393 0
-6.63122 -5.37756 0
-6.62296 -5.40501 0
-6.61776 -5.4349 0
-6.62983 -5.5468 0
-6.63509 -5.58549 0
-6.62763 -5.61434 0
-6.62945 -5.65067 0
-6.62793 -5.71976 0
-5.46281 -4.81002 0
-5.38949 -4.77971 0
-5.20813 -4.68856 0
-5.20328 -4.7132 0
-5.2612 -4.7905 0
-5.3554 -4.89913 0
-5.45671 -5.07635 0
-5.45202 -5.10325 0
-5.40798 -5.09603 0
-5.4122 -5.13074 0
-5.43728 -5.18403 0
-5.46956 -5.24415 0
-5.38509 -5.2007 0
-5.43789 -5.27966 0
-5.40268 -5.27991 0
-6.62266 -6.42062 0
-6.6209 -6.45818 0
-6.62044 -6.49715 0
-6.6198 -6.53617 0
-6.62923 -6.5848 0
-6.62529 -6.62123 0
-6.62701 -6.66319 0
-6.61548 -6.69283 0
-6.61829 -6.73627 0
-6.62234 -6.78119 0
-6.6118 -6.81228 0
-6.62837 -6.86988 0
-6.62464 -6.90806 0
-6.62643 -6.95189 0
-6.6266 -6.99439 0
-6.62515 -7.03554 0
-6.63763 -7.09092 0
-6.63576 -7.13223 0
-6.6323 -7.17217 0
-6.63843 -7.22217 0
-6.63039 -7.25793 0
-6.62498 -7.29658 0
-6.62769 -7.34393 0
-6.62741 -7.38847 0
-6.63106 -7.43743 0
-6.62623 -7.47775 0
-6.62806 -7.52541 0
-6.62148 -7.56436 0
-6.62151 -7.61069 0
-6.62402 -7.66003 0
-6.63034 -7.7139 0
-6.62564 -7.75602 0
-5.25648 -6.28419 0
-5.22409 -6.2864 0
-5.21169 -6.31087 0
-5.20448 -6.34133 0
-5.19846 -6.37329 0
-5.31182 -6.58231 0
-5.30752 -6.61776 0
-5.37202 -6.73375 0
-6.6171 -8.2374 0
-6.62167 -8.29386 0
-6.61695 -8.3397 0
-6.61842 -8.39327 0
-6.61451 -8.44077 0
-6.61038 -8.48833 0
-6.61616 -8.54831 0
-6.61784 -8.60376 0
-6.61924 -8.6593 0
-6.60908 -8.7009 0
-6.61371 -8.76128 0
-6.62425 -8.82959 0
-6.61708 -8.87607 0
-6.62327 -8.93991 0
-6.61929 -8.99124 0
-6.61629 -9.04422 0
-6.61911 -9.10518 0
-6.62891 -9.17579 0
-6.6347 -9.24177 0
-6.62931 -9.2935 0
-6.63326 -9.35808 0
-6.62613 -9.40834 0
-6.62588 -9.4683 0
-6.62414 -9.52673 0
-5.25657 -7.71463 0
-5.22955 -7.72687 0
-5.21887 -7.76174 0
-5.26855 -7.88118 0
-3.56068 -5.63751 0
-3.54707 -5.65426 0
-3.52773 -5.66275 0
-3.51515 -5.68108 0
-3.49462 -5.6878 0
-3.458 -5.70766 0
-3.55137 -5.92419 0
-3.57844 -6.00454 0
-3.55373 -6.00637 0
-3.5087 -6.01646 0
-3.49153 -6.07013 0
-3.48595 -6.10204 0
-3.50991 -6.18146 0
-3.05434 -5.48975 0
-2.90628 -5.32258 0
-2.85907 -5.28111 0
-2.83592 -5.27876 0
-2.81077 -5.27289 0
-2.78568 -5.26692 0
-2.7688 -5.27461 0
-2.74481 -5.27017 0
-2.67355 -5.18442 0
-2.54267 -5.02908 0
-2.61476 -5.19061 0
-2.62968 -5.25344 0
-2.6119 -5.25888 0
-2.58924 -5.25553 0
-2.57245 -5.26258 0
-2.55178 -5.26256 0
-2.52923 -5.25896 0
-2.50767 -5.25702 0
-2.48805 -5.25852 0
-0.153151 -0.957143 0
-0.150734 -0.958371 0
-0.148312 -0.959592 0
-0.141428 -0.951855 0
-0.139027 -0.953046 0
-0.136622 -0.95423 0
-0.133339 -0.953609 0
-0.131802 -0.956576 0
-0.124203 -0.946915 0
-0.121817 -0.948053 0
-0.119428 -0.949184 0
-0.117036 -0.950307 0
-0.113799 -0.949608 0
-0.112241 -0.952531 0
-0.109838 -0.953631 0
-0.107432 -0.954725 0
-0.0992908 -0.943037 0
-0.101796 -0.955061 0
-0.0945412 -0.94515 0
-0.0921615 -0.946196 0
-0.094554 -0.958243 0
-0.0873923 -0.948265 0
-0.0842184 -0.947448 0
-0.0826104 -0.950304 0
-0.0802145 -0.951312 0
-0.0778157 -0.952313 0
-0.0693219 -0.938511 0
-0.0684744 -0.943182 0
-0.0698505 -0.953417 0
-0.0622362 -0.94139 0
-0.0598683 -0.942335 0
-0.0589627 -0.946995 0
-0.0551238 -0.944203 0
-0.0498635 -0.937663 0
-0.051798 -0.949776 0
-0.0451482 -0.939469 0
-0.0427864 -0.94036 0
-0.0446077 -0.952491 0
-0.0408218 -0.949628 0
-0.0377424 -0.948627 0
-0.0333119 -0.943853 0
-0.0309365 -0.944708 0
-0.0272218 -0.941785 0
-0.0248528 -0.942621 0
-0.0237945 -0.947228 0
-0.0201072 -0.94427 0
-0.0177305 -0.945084 0
-0.012157 -0.936414 0
-0.0129697 -0.946689 0
-0.0118397 -0.951278 0
-0.00509335 -0.938758 0
-0.00273395 -0.939525 0
-0.000372201 -0.940285 0
-0.00102475 -0.950571 0
0.00435835 -0.941782 0
0.0067271 -0.942519 0
0.0090982 -0.943249 0
0.0114715 -0.943971 0
0.0144206 -0.94277 0
0.0167924 -0.943476 0
0.0191664 -0.944175 0
0.0215424 -0.944866 0
0.0239208 -0.94555 0
0.0257576 -0.948151 0
0.0286837 -0.946895 0
0.0310682 -0.947557 0
0.0371341 -0.934703 0
0.0358436 -0.948857 0
0.0413156 -0.937899 0
0.0436721 -0.938521 0
0.0460305 -0.939136 0
0.0478953 -0.941681 0
0.0512424 -0.938404 0
0.0536004 -0.938995 0
0.0550056 -0.943464 0
0.0583219 -0.940156 0
0.0602201 -0.94267 0
0.0625913 -0.943233 0
0.0649643 -0.943789 0
0.0677861 -0.942388 0
0.0697155 -0.944879 0
0.0751376 -0.931747 0
0.0770459 -0.934217 0
0.0793907 -0.934728 0
0.0792376 -0.946969 0
0.0840851 -0.935728 0
0.086839 -0.934258 0
0.0887856 -0.936698 0
0.0915303 -0.935211 0
0.0934921 -0.93764 0
0.0958475 -0.938099 0
0.0982044 -0.938551 0
0.100563 -0.938996 0
0.102922 -0.939434 0
0.105283 -0.939864 0
0.109392 -0.93044 0
0.110009 -0.940702 0
0.112374 -0.94111 0
0.115071 -0.939538 0
0.117107 -0.941904 0
0.119795 -0.940315 0
0.121846 -0.942669 0
0.126054 -0.931181 0
0.128389 -0.931539 0
0.130726 -0.93189 0
0.133063 -0.932234 0
0.135401 -0.93257 0
0.137741 -0.932899 0
0.140081 -0.933221 0
0.142949 -0.92957 0
0.144765 -0.933842 0
0.147108 -0.934142 0
0.149453 -0.934434 0
0.151559 -0.936705 0
0.154144 -0.934997 0
0.156491 -0.935268 0
0.158838 -0.935531 0
0.161187 -0.935787 0
0.163536 -0.936036 0
0.165886 -0.936277 0
0.168237 -0.936511 0
0.170589 -0.936737 0
0.173306 -0.932973 0
0.175294 -0.937168 0
0.177477 -0.939366 0
0.180985 -0.925611 0
0.18346 -0.923804 0
0.184712 -0.937943 0
0.187067 -0.938118 0
0.190397 -0.92432 0
0.192578 -0.926473 0
0.195025 -0.924628 0
0.197339 -0.924771 0
0.19954 -0.926904 0
0.201969 -0.925036 0
0.204285 -0.925157 0
0.206601 -0.925272 0
0.208917 -0.925379 0
0.211233 -0.925479 0
0.213474 -0.92757 0
0.215868 -0.925657 0
0.217863 -0.93573 0
0.220503 -0.925806 0
0.222821 -0.92587 0
0.224911 -0.935924 0
0.227457 -0.925976 0
0.229742 -0.928017 0
0.232094 -0.926052 0
0.234413 -0.92608 0
0.336578 -4.72114 0
0.350724 -4.72082 0
0.364869 -4.72046 0
0.379013 -4.72006 0
0.393155 -4.71961 0
0.407442 -4.72311 0
0.421436 -4.71858 0
0.435744 -4.72199 0
0.449709 -4.71737 0
0.465308 -4.74667 0
0.481195 -4.77791 0
0.498711 -4.83505 0
0.514608 -4.85819 0
0.623864 -5.57462 0
0.644502 -5.62527 0
0.661004 -5.618 0
0.674906 -5.57879 0
0.70036 -5.68106 0
2.20698 -16.4036 0
2.24199 -16.2723 0
2.29162 -16.262 0
2.34017 -16.2437 0
2.39526 -16.2747 0
0.488558 -1.98132 0
0.493054 -1.97262 0
0.497498 -1.96391 0
0.5016 -1.95321 0
0.505046 -1.93855 0
0.507497 -1.91795 0
0.510746 -1.90328 0
0.515166 -1.89651 0
0.518583 -1.88381 0
0.521924 -1.8711 0
0.524855 -1.85642 0
0.527698 -1.84173 0
0.529416 -1.82113 0
0.532063 -1.80645 0
0.537124 -1.80553 0
0.54 -1.79281 0
0.54058 -1.76828 0
0.545146 -1.76538 0
0.548169 -1.75461 0
0.550351 -1.73992 0
0.555205 -1.73895 0
0.560856 -1.74189 0
0.565716 -1.74089 0
0.57016 -1.73791 0
0.575426 -1.73884 0
0.579851 -1.73584 0
0.585123 -1.73673 0
0.592151 -1.74541 0
0.597465 -1.74626 0
0.602338 -1.74515 0
0.607208 -1.74402 0
0.612996 -1.74677 0
0.619273 -1.75144 0
0.625109 -1.75414 0
0.630007 -1.75294 0
0.6349 -1.75172 0
0.641757 -1.75824 0
0.647165 -1.75893 0
0.652077 -1.75766 0
0.656985 -1.75637 0
0.66189 -1.75507 0
0.66679 -1.75376 0
0.67538 -1.76593 0
0.677646 -1.75493 0
0.688483 -1.77475 0
0.69399 -1.77528 0
0.698401 -1.77194 0
0.703912 -1.77243 0
0.711684 -1.78058 0
0.716664 -1.77911 0
0.722215 -1.77953 0
0.727191 -1.77803 0
0.732162 -1.77651 0
0.737723 -1.77689 0
0.746288 -1.78678 0
0.750681 -1.7833 0
0.755669 -1.7817 0
0.760652 -1.7801 0
0.769992 -1.79177 0
0.77186 -1.78063 0
0.78319 -1.79794 0
0.788865 -1.79814 0
0.793899 -1.79642 0
0.798927 -1.7947 0
0.807902 -1.80428 0
0.812955 -1.80251 0
0.818003 -1.80073 0
0.827778 -1.8121 0
0.835584 -1.81779 0
2.08503 -4.93536 0
2.10567 -4.94449 0
2.12344 -4.9461 0
2.13902 -4.94207 0
2.15832 -4.94727 0
2.17467 -4.94498 0
2.19253 -4.94634 0
2.20661 -4.93839 0
2.21758 -4.92301 0
2.26257 -4.98874 0
2.31423 -5.06896 0
2.3326 -5.06983 0
2.35099 -5.07064 0
2.35983 -5.04937 0
2.36374 -5.01711 0
3.50461 -7.5545 0
3.54713 -7.58813 0
3.63503 -7.72188 0
3.64116 -7.67302 0
3.6362 -7.60056 0
3.61909 -7.50277 0
3.19826 -6.53833 0
3.13611 -6.3046 0
3.1397 -6.26305 0
3.13872 -6.21253 0
3.14355 -6.17467 0
3.14116 -6.12246 0
3.14201 -6.0775 0
3.14615 -6.03977 0
3.1492 -6.00027 0
3.14753 -5.95189 0
3.14649 -5.90535 0
3.14428 -5.8571 0
3.14913 -5.82313 0
3.14549 -5.77322 0
3.14529 -5.73048 0
3.14671 -5.69133 0
3.14698 -5.65045 0
3.14136 -5.59905 0
3.1231 -5.52486 0
3.0815 -5.40865 0
3.06609 -5.34188 0
3.06381 -5.29978 0
3.06615 -5.26648 0
3.06343 -5.22449 0
3.0644 -5.18954 0
3.06321 -5.15115 0
3.06279 -5.11456 0
3.06517 -5.08321 0
3.06739 -5.0519 0
3.05632 -4.99817 0
3.05914 -4.9687 0
3.05977 -4.93581 0
3.06227 -4.90639 0
3.05637 -4.8633 0
3.0523 -4.82371 0
3.06051 -4.80468 0
3.07176 -4.79076 0
3.08716 -4.78362 0
3.10889 -4.78662 0
3.1381 -4.80139 0
3.1386 -4.77035 0
3.11641 -4.70392 0
3.09491 -4.63935 0
3.0687 -4.56823 0
3.07038 -4.54094 0
3.06973 -4.51034 0
3.07661 -4.49148 0
3.07347 -4.45761 0
3.0779 -4.43546 0
3.07331 -4.40003 0
3.07636 -4.37627 0
3.0748 -4.34592 0
3.07307 -4.31562 0
3.07799 -4.29525 0
3.07483 -4.26339 0
3.07494 -4.23651 0
3.07951 -4.21621 0
3.07704 -4.18613 0
3.07558 -4.15773 0
3.0728 -4.12775 0
3.07688 -4.10756 0
3.07382 -4.07767 0
3.07177 -4.04946 0
3.03756 -3.97782 0
3.02675 -3.93856 0
3.01691 -3.90101 0
3.01768 -3.87795 0
3.02315 -3.8613 0
3.01765 -3.83034 0
3.01563 -3.8042 0
3.0147 -3.7797 0
3.01364 -3.75524 0
3.00754 -3.72451 0
3.01238 -3.70801 0
3.01095 -3.68367 0
3.0094 -3.65937 0
3.01147 -3.63981 0
3.00717 -3.61247 0
3.00903 -3.59297 0
3.01079 -3.57348 0
3.00992 -3.55093 0
3.01404 -3.53458 0
3.01168 -3.51055 0
3.00535 -3.48197 0
3.00918 -3.46569 0
3.00387 -3.43875 0
3.00492 -3.41947 0
3.00457 -3.39871 0
3.00151 -3.37495 0
3.01144 -3.36634 0
3.02926 -3.36672 0
3.01405 -3.3295 0
2.60498 -2.83154 0
2.59986 -2.80927 0
2.60536 -2.79895 0
2.62157 -2.80045 0
3.08894 -3.25648 0
3.07124 -3.21833 0
3.06564 -3.19345 0
3.0709 -3.18027 0
3.0637 -3.15404 0
3.07019 -3.14233 0
3.06415 -3.11765 0
3.06773 -3.10309 0
3.06705 -3.08423 0
3.06769 -3.06684 0
3.06683 -3.04805 0
3.0673 -3.03071 0
3.06769 -3.0134 0
3.06658 -2.9947 0
3.05685 -2.9676 0
3.06552 -2.95881 0
3.06701 -2.94301 0
3.06412 -2.92304 0
3.05394 -2.89618 0
3.07105 -2.89571 0
3.06212 -2.87032 0
3.06032 -2.85189 0
3.05989 -2.83487 0
3.06084 -2.81924 0
3.05733 -2.79955 0
2.94943 -2.68354 0
2.87189 -2.58169 0
2.87343 -2.5681 0
2.87045 -2.55052 0
2.87633 -2.54098 0
2.87471 -2.52478 0
2.873 -2.50862 0
2.87874 -2.49909 0
2.88444 -2.48954 0
2.88105 -2.47212 0
2.8806 -2.45735 0
2.88616 -2.44782 0
2.88559 -2.43308 0
2.88343 -2.41708 0
2.8812 -2.40112 0
2.88811 -2.39288 0
2.88421 -2.37568 0
2.88178 -2.3598 0
2.88855 -2.35156 0
2.88755 -2.33699 0
2.88337 -2.31992 0
2.89002 -2.31168 0
2.88571 -2.29468 0
2.89071 -2.28519 0
2.88783 -2.26949 0
2.89433 -2.26123 0
2.33394 -1.75968 0
2.32924 -1.74596 0
2.35175 -1.75259 0
2.38719 -1.7686 0
2.40018 -1.76783 0
2.40188 -1.75873 0
2.40355 -1.74965 0
2.32545 -1.67328 0
2.33824 -1.67258 0
2.36411 -1.68104 0
2.4097 -1.70314 0
2.47514 -1.73869 0
2.52108 -1.76019 0
2.52434 -1.75195 0
2.49455 -1.72113 0
2.49437 -1.71073 0
2.17572 -1.44231 0
2.16788 -1.42867 0
2.17176 -1.42266 0
2.1655 -1.41018 0
2.16932 -1.40418 0
2.17481 -1.39923 0
2.17859 -1.3932 0
2.18236 -1.38716 0
2.17419 -1.37376 0
2.17789 -1.36773 0
2.18158 -1.36169 0
2.17326 -1.34841 0
2.17689 -1.34238 0
2.1805 -1.33635 0
2.17375 -1.32419 0
2.1773 -1.31817 0
2.18084 -1.31213 0
2.18435 -1.30608 0
2.17917 -1.29504 0
2.16873 -1.28107 0
2.19252 -1.02818 0
2.1878 -1.01894 0
2.1904 -1.01287 0
2.19666 -1.00835 0
2.18816 -0.997619 0
2.19808 -0.994618 0
2.19135 -0.984711 0
2.18459 -0.974854 0
2.19632 -0.972545 0
2.18763 -0.961986 0
2.19006 -0.955919 0
2.19246 -0.949844 0
2.19484 -0.943762 0
2.19721 -0.937672 0
2.19395 -0.92943 0
2.20001 -0.924762 0
2.19295 -0.915139 0
2.19523 -0.909055 0
2.19748 -0.902964 0
2.19408 -0.894809 0
2.20194 -0.890762 0
2.2079 -0.885999 0
2.22517 -0.885215 0
2.24056 -0.883669 0
2.26163 -0.884003 0
2.27515 -0.881609 0
2.30193 -0.883652 0
2.33254 -0.886812 0
2.36698 -0.891054 0
2.38627 -0.890072 0
2.41128 -0.89084 0
2.44392 -0.893919 0
2.46518 -0.893146 0
2.4426 -0.878371 0
2.29588 -0.824913 0
2.22526 -0.789265 0
2.21757 -0.780183 0
2.22326 -0.775171 0
2.2251 -0.768993 0
2.225 -0.762249 0
2.22872 -0.756621 0
2.2305 -0.750427 0
2.23419 -0.744771 0
2.23593 -0.73856 0
2.24729 -0.735001 0
2.24901 -0.728749 0
2.2507 -0.722491 0
2.25431 -0.716742 0
2.25597 -0.710469 0
2.27115 -0.7077 0
2.27085 -0.700878 0
2.28215 -0.697 0
2.29733 -0.694023 0
2.29891 -0.687615 0
2.32186 -0.686386 0
2.34871 -0.68595 0
2.35805 -0.681219 0
2.38298 -0.680059 0
3.00418 -0.770329 0
3.01775 -0.764181 0
3.02151 -0.755932 0
3.05072 -0.752842 0
3.06621 -0.746831 0
3.08758 -0.741887 0
3.11091 -0.737195 0
3.16961 -0.739092 0
3.20672 -0.736584 0
3.24187 -0.733488 0
3.27703 -0.730178 0
3.31614 -0.727353 0
3.36708 -0.726348 0
3.43382 -0.727727 0
3.48482 -0.726049 0
3.55952 -0.727954 0
3.67348 -0.72476 0
3.67911 -0.714675 0
3.63527 -0.697059 0
3.61312 -0.682954 0
3.60081 -0.670431 0
3.60825 -0.660805 0
3.61567 -0.651138 0
3.64883 -0.644929 0
3.65025 -0.63431 0
3.57231 -0.61341 0
3.5392 -0.588243 0
3.67476 -0.583236 0
3.69189 -0.574343 0
3.68515 -0.562711 0
3.68433 -0.551765 0
3.68745 -0.541242 0
3.68856 -0.530502 0
3.68963 -0.519759 0
3.67672 -0.507692 0
3.63391 -0.49297 0
3.62689 -0.481692 0
3.66168 -0.474033 0
3.68052 -0.46485 0
3.4429 -0.425235 0
3.35657 -0.399161 0
3.36721 -0.390117 0
3.38181 -0.381263 0
3.4483 -0.375449 0
3.60663 -0.374474 0
3.68965 -0.357668 0
3.68819 -0.346827 0
3.68269 -0.335818 0
3.68315 -0.325094 0
3.68358 -0.314369 0
3.68398 -0.303643 0
3.68634 -0.292979 0
3.68467 -0.282186 0
3.68496 -0.271457 0
3.68522 -0.260726 0
3.68545 -0.249995 0
3.68565 -0.239263 0
3.67981 -0.228449 0
3.68594 -0.217797 0
3.68603 -0.207064 0
3.68609 -0.19633 0
3.68612 -0.185597 0
3.68611 -0.174863 0
3.69207 -0.164098 0
3.688 -0.153379 0
3.69189 -0.142594 0
3.67776 -0.132046 0
3.68558 -0.121197 0
3.67738 -0.110632 0
3.68513 -0.0997342 0
3.68686 -0.0889499 0
3.67656 -0.0785157 0
3.68421 -0.067546 0
3.68384 -0.0568188 0
3.68343 -0.0460928 0
3.69498 -0.0348568 0
3.68252 -0.0246448 0
3.68201 -0.013923 0
3.68147 -0.003203 0
3.6809 0.0075154 0
3.68029 0.0182319 0
3.68563 0.0293143 0
3.67897 0.0396592 0
3.68425 0.0507746 0
3.67952 0.0612191 0
3.68872 0.0726682 0
3.6879 0.0834089 0
3.68706 0.0941468 0
3.68618 0.104882 0
3.68527 0.115615 0
3.68433 0.126344 0
3.68136 0.136886 0
3.69428 0.14894 0
3.68129 0.158515 0
3.67027 0.168215 0
3.67115 0.179108 0
3.67995 0.190872 0
3.67877 0.201584 0
3.68351 0.212978 0
3.67631 0.222998 0
3.68098 0.234421 0
3.68761 0.246123 0
3.67832 0.255848 0
3.67496 0.266297 0
3.68345 0.278319 0
3.682 0.289043 0
3.68052 0.299762 0
3.68296 0.311043 0
3.67745 0.321185 0
3.67982 0.332481 0
3.6782 0.343193 0
3.68445 0.355133 0
3.68276 0.365859 0
3.68498 0.377221 0
3.68322 0.387948 0
3.68734 0.399669 0
3.6796 0.409387 0
3.68562 0.421478 0
3.68766 0.432911 0
3.68179 0.442931 0
3.67982 0.453648 0
3.68176 0.465099 0
3.67972 0.475816 0
3.68747 0.488437 0
3.6834 0.498783 0
3.68127 0.509505 0
3.69477 0.523424 0
3.68276 0.532149 0
3.68052 0.542868 0
3.6802 0.554 0
3.67593 0.564287 0
3.68531 0.577571 0
3.68292 0.588298 0
3.68246 0.599461 0
3.67806 0.609731 0
3.67752 0.620891 0
3.68278 0.633439 0
3.68217 0.644626 0
3.68152 0.655817 0
3.67695 0.666052 0
3.67623 0.677239 0
3.68517 0.690887 0
3.68437 0.702111 0
3.68159 0.712835 0
3.67879 0.723551 0
3.68368 0.73632 0
3.68466 0.748085 0
3.68174 0.75881 0
3.67879 0.769525 0
3.68544 0.78293 0
3.68242 0.793657 0
3.67936 0.804375 0
3.67819 0.81564 0
3.68657 0.829727 0
3.6719 0.837039 0
3.6802 0.851177 0
3.69036 0.865959 0
3.68708 0.876701 0
3.68376 0.887432 0
3.6785 0.897554 0
3.67893 0.90947 0
3.68503 0.923232 0
3.68157 0.933958 0
3.67998 0.945295 0
3.68594 0.95915 0
3.68237 0.969877 0
3.67876 0.980594 0
3.68837 0.995827 0
3.68468 1.00656 0
3.68096 1.01729 0
3.6772 1.028 0
3.6753 1.03937 0
3.68088 1.05344 0
3.69018 1.06893 0
3.68626 1.07967 0
3.68231 1.0904 0
3.67833 1.10111 0
3.68741 1.11676 0
3.68335 1.12749 0
3.67925 1.13821 0
3.68444 1.15253 0
3.68213 1.16398 0
3.67606 1.17396 0
3.68482 1.18984 0
3.68053 1.20056 0
3.6762 1.21127 0
3.67184 1.22197 0
3.68039 1.23799 0
3.67594 1.2487 0
3.68253 1.26405 0
3.6909 1.28023 0
3.68632 1.29097 0
3.68171 1.3017 0
3.67707 1.31241 0
3.68522 1.32873 0
3.68049 1.33946 0
3.67573 1.35017 0
3.67094 1.36086 0
3.68615 1.38063 0
3.68308 1.39219 0
3.67816 1.4029 0
3.68408 1.41867 0
3.68089 1.43023 0
3.68489 1.44522 0
3.6798 1.45594 0
3.67648 1.46751 0
3.68392 1.48431 0
3.6841 1.49766 0
3.67347 1.50573 0
3.67715 1.52086 0
3.68256 1.53692 0
3.67719 1.54763 0
3.67178 1.55833 0
3.6788 1.57538 0
3.68397 1.59158 0
3.67843 1.6023 0
3.68526 1.61949 0
3.67609 1.62835 0
3.68102 1.64467 0
3.67708 1.65633 0
3.67485 1.66892 0
3.67785 1.68439 0
3.67202 1.69508 0
3.67841 1.71253 0
3.68123 1.72808 0
3.67875 1.74074 0
3.67971 1.75537 0
3.67714 1.76805 0
3.67972 1.78371 0
3.68571 1.80141 0
3.67951 1.81213 0
3.68364 1.82889 0
3.6877 1.84569 0
3.68136 1.85642 0
3.67842 1.86918 0
3.68058 1.88503 0
3.67755 1.89781 0
3.68129 1.91475 0
3.68326 1.93069 0
3.68687 1.94772 0
3.68191 1.9595 0
3.68369 1.97552 0
3.67695 1.98624 0
3.68199 2.00444 0
3.67516 2.01515 0
3.67838 2.03234 0
3.68321 2.05066 0
3.67623 2.06137 0
3.68092 2.07976 0
3.68219 2.09599 0
3.68672 2.11446 0
3.68121 2.1263 0
3.68228 2.14261 0
3.68825 2.16232 0
3.68093 2.17305 0
3.68345 2.19057 0
3.68754 2.20926 0
3.68827 2.22572 0
3.68075 2.23645 0
3.68462 2.25524 0
3.6656 2.25783 0
3.4451 2.11577 0
3.3909 2.09178 0
3.38865 2.10511 0
3.37344 2.109 0
3.35823 2.11282 0
3.3607 2.12967 0
3.3631 2.14655 0
3.37822 2.17308 0
3.37086 2.18284 0
3.36348 2.19258 0
3.3116 2.16825 0
3.28842 2.1656 0
3.26844 2.16528 0
3.29264 2.19931 0
3.29464 2.21622 0
3.25734 2.20215 0
3.23894 2.20282 0
3.20184 2.1884 0
3.17575 2.18255 0
3.13575 2.16522 0
3.13152 2.17676 0
3.11333 2.17686 0
3.09826 2.17943 0
3.08627 2.18448 0
2.96594 2.11323 0
2.9725 2.13335 0
2.96527 2.14185 0
2.94891 2.14251 0
2.99159 2.19409 0
2.99624 2.21315 0
3.00381 2.23489 0
3.00377 2.2501 0
3.00815 2.2693 0
3.01095 2.28723 0
3.01663 2.30787 0
3.01925 2.32589 0
3.03214 2.35336 0
3.03308 2.37015 0
3.02217 2.37612 0
3.01565 2.38613 0
3.00324 2.39068 0
2.99229 2.39653 0
3.01334 2.43254 0
3.05884 2.49212 0
3.67956 3.10187 0
3.68228 3.12504 0
3.68633 3.14965 0
3.68166 3.16595 0
3.68264 3.18785 0
3.68779 3.214 0
3.68003 3.22753 0
3.68496 3.25377 0
3.6827 3.27299 0
3.45105 3.06051 0
3.40867 3.0377 0
3.45034 3.10047 0
3.66026 3.33713 0
3.684 3.38374 0
3.67979 3.40167 0
3.67827 3.4225 0
3.6849 3.45207 0
3.68178 3.47152 0
3.67994 3.49244 0
3.68481 3.52072 0
3.68276 3.54171 0
3.67519 3.55684 0
3.68644 3.59263 0
3.67869 3.60779 0
3.67891 3.63186 0
3.68435 3.66192 0
3.68166 3.68309 0
3.68815 3.71476 0
3.67994 3.72999 0
3.68221 3.75726 0
3.67909 3.77854 0
3.6824 3.8074 0
3.68036 3.83026 0
3.6808 3.85618 0
3.67983 3.88062 0
3.68131 3.90815 0
3.6788 3.93113 0
3.68385 3.96336 0
3.67982 3.98487 0
3.68077 4.01258 0
3.68283 4.04188 0
3.6772 4.06191 0
3.68151 4.09442 0
3.68314 4.12386 0
3.68712 4.1565 0
3.67669 4.84456 0
3.67111 4.87013 0
3.67548 4.91064 0
3.67739 4.94791 0
3.67911 4.98523 0
3.67732 5.01761 0
3.67865 5.05505 0
3.67214 5.08082 0
3.67311 5.11834 0
3.6782 5.16266 0
3.67875 5.20031 0
3.6716 5.2262 0
3.67498 5.26902 0
3.67282 5.30343 0
3.64198 5.29201 0
3.61756 5.29066 0
3.60571 5.30968 0
3.64781 5.41754 0
3.67377 5.50003 0
3.65605 5.5107 0
3.62498 5.49897 0
3.63373 5.55425 0
3.66139 5.6424 0
3.4303 5.83549 0
3.41618 5.85425 0
3.40475 5.8783 0
3.39505 5.90588 0
3.38246 5.92813 0
3.05265 5.78072 0
3.02897 5.77858 0
3.00449 5.77453 0
2.99176 5.79583 0
3.05007 6.02423 0
2.93328 5.86619 0
2.89423 5.8288 0
2.87308 5.83154 0
2.86149 5.85623 0
2.84424 5.86804 0
2.83008 5.88715 0
2.8166 5.90809 0
2.43871 5.95248 0
2.34478 5.80753 0
2.34252 5.86129 0
2.32042 5.85835 0
2.73204 7.77333 0
2.67353 7.67215 0
2.64904 7.67969 0
2.62162 7.67758 0
2.59826 7.68879 0
1.66983 5.19145 0
1.65359 5.19781 0
1.63631 5.20024 0
1.61953 5.20456 0
1.60273 5.20883 0
1.51612 5.00162 0
1.50184 5.01334 0
1.48658 5.02113 0
1.46852 5.0172 0
1.40616 5.20147 0
1.3823 5.17182 0
1.36519 5.17339 0
1.34809 5.17491 0
1.3282 5.16265 0
1.81704 7.69396 0
1.79055 7.68902 0
1.76335 7.68006 0
1.73809 7.68084 0
1.26538 5.28901 0
1.24724 5.28628 0
1.23054 5.29135 0
1.21558 5.30622 0
