-0 -0 0
-0 -0 0
-0 -0 0
-0 -0 0
-0 -0 0
-0 -0 0
-0 -0 0
-0 -0 0
-0 -0 0
-0 -0 0
-0 -0 0
-0 -0 0
-0 -0 0
-0 -0 0
-0 -0 0
-0 -0 0
-0 -0 0
-0 -0 0
-0 -0 0
-0 -0 0
-0 -0 0
-0 -0 0
-0 -0 0
-0 -0 0
-0 -0 0
-0 -0 0
-0 -0 0
-0 -0 0
-0 -0 0
-0 -0 0
-0 -0 0
-0 -0 0
-0 -0 0
-0 -0 0
-0 -0 0
-0 -0 0
-0 -0 0
-0 -0 0
-0 -0 0
-0 -0 0
-0 -0 0
-0 -0 0
-0 -0 0
-0 -0 0
-0 -0 0
-60.1317 -79.901 0
-59.8824 -80.0881 0
-59.6325 -80.2743 0
-59.382 -80.4598 0
-59.131 -80.6445 0
-58.8793 -80.8284 0
-58.6271 -81.0115 0
-58.3744 -81.1938 0
-58.121 -81.3753 0
-0 -0 0
-0 -0 0
-0 -0 0
-0 -0 0
-0 -0 0
-0 -0 0
-0 -0 0
-0 -0 0
-0 -0 0
-0 -0 0
-0 -0 0
-0 -0 0
-0 -0 0
-0 -0 0
-0 -0 0
-0 -0 0
-0 -0 0
-0 -0 0
-0 -0 0
-1.89204 -3.0321 0
-1.88364 -3.03969 0
-1.87835 -3.05236 0
-1.87091 -3.06161 0
-1.86136 -3.06742 0
-1.85282 -3.07492 0
-1.84323 -3.08068 0
-1.83362 -3.08641 0
-1.83517 -3.11106 0
-1.82041 -3.10814 0
-1.81071 -3.1138 0
-1.807 -3.12982 0
-1.79823 -3.13717 0
-1.78845 -3.14276 0
-1.78258 -3.15528 0
-1.7698 -3.15559 0
-1.76482 -3.16983 0
-1.75493 -3.17531 0
-1.74503 -3.18076 0
-1.74084 -3.19673 0
-1.73087 -3.20214 0
-1.72183 -3.20928 0
-1.71088 -3.21286 0
-1.70647 -3.22879 0
-1.69639 -3.23409 0
-1.68169 -3.23049 0
-1.46691 -2.83947 0
-1.42155 -2.77284 0
-1.40837 -2.76834 0
-1.40514 -2.78343 0
-1.43139 -2.85754 0
-1.68508 -3.39033 0
-1.67981 -3.40632 0
-1.67622 -3.42591 0
-1.66553 -3.43112 0
-1.66091 -3.44891 0
-1.64843 -3.45046 0
-1.63852 -3.45739 0
-1.67794 -3.56927 0
-0.994843 -2.13345 0
-0.951248 -2.05667 0
-0.957342 -2.08689 0
-0.945035 -2.07712 0
-0.911412 -2.0199 0
-0.839761 -1.87668 0
-0.80795 -1.82079 0
-0.798244 -1.81415 0
-0.792586 -1.81663 0
-0.788508 -1.82276 0
-0.782824 -1.82521 0
-0.776349 -1.8258 0
-0.773762 -1.83558 0
-0.79734 -1.90811 0
-2.84946 -6.87921 0
-2.82953 -6.89176 0
-2.81406 -6.91536 0
-0 -0 0
-0 -0 0
-0 -0 0
-0 -0 0
-0 -0 0
-0 -0 0
-0.636213 -1.6667 0
-0.63243 -1.67242 0
-0.627215 -1.67438 0
-0.620602 -1.67258 0
-0.614696 -1.67262 0
-0 -0 0
-0 -0 0
-0 -0 0
-0 -0 0
-0 -0 0
-2.12048 -6.12111 0
-2.48936 -7.25902 0
-2.09129 -6.16073 0
-0 -0 0
-0 -0 0
-0 -0 0
-0 -0 0
-0 -0 0
-0 -0 0
-0.479926 -1.52213 0
-0.476371 -1.52744 0
-0.470429 -1.52509 0
-0.466841 -1.53038 0
-0.463802 -1.53757 0
-0.457864 -1.53518 0
-0.45138 -1.53084 0
-0 -0 0
-0 -0 0
-0 -0 0
-0 -0 0
-0 -0 0
-0 -0 0
-1.15519 -4.25809 0
-1.15537 -4.31189 0
-2.04185 -7.71642 0
-1.65124 -6.31984 0
-1.65052 -6.39855 0
-1.64044 -6.44243 0
-1.59793 -6.35828 0
-1.93677 -7.80942 0
-1.91575 -7.82902 0
-1.89369 -7.84467 0
-1.87293 -7.8661 0
-1.85389 -7.89526 0
-1.83559 -7.92828 0
-1.80999 -7.93006 0
-1.78833 -7.94933 0
-1.76961 -7.9822 0
-1.74942 -8.00917 0
-1.72571 -8.02045 0
-1.70112 -8.02774 0
-1.68344 -8.06825 0
-1.66071 -8.08521 0
-1.63788 -8.10211 0
-1.61808 -8.13463 0
-1.59464 -8.14945 0
-1.57188 -8.16813 0
-1.54902 -8.18674 0
-1.52788 -8.21513 0
-1.2441 -6.80725 0
-1.48371 -8.26386 0
-1.46038 -8.28223 0
-1.43627 -8.2966 0
-1.41509 -8.32864 0
-1.3934 -8.35865 0
-1.36767 -8.36493 0
-1.11968 -6.98483 0
-1.09046 -6.94086 0
-1.07034 -6.95411 0
-1.27699 -8.4723 0
-1.2535 -8.49603 0
-1.23102 -8.52761 0
-1.20583 -8.5413 0
-1.18112 -8.55889 0
-0.964437 -7.15328 0
-0.931957 -7.07892 0
-1.11098 -8.64692 0
-1.08751 -8.67812 0
-1.06191 -8.69338 0
-1.03765 -8.72048 0
-0.840635 -7.25748 0
-0.987974 -8.76852 0
-0.799736 -7.30234 0
-0.768935 -7.22922 0
-0.726482 -7.03861 0
-0.704144 -7.03686 0
-0.683366 -7.05096 0
-0.670164 -7.14665 0
-0.660704 -7.29012 0
-0.785447 -8.97771 0
-0.760657 -9.01798 0
-0.608055 -7.48735 0
-0.585806 -7.50317 0
-0.559579 -7.46706 0
-0.538166 -7.4947 0
-0.518505 -7.55022 0
-0.499157 -7.61566 0
-0.469688 -7.52536 0
-0.451676 -7.61862 0
-0.426472 -7.59403 0
-0.491242 -9.26298 0
-0.463567 -9.28844 0
-0.435831 -9.31581 0
-0.407928 -9.3431 0
-0.380427 -9.38429 0
-0.352001 -9.40742 0
-0.323707 -9.43845 0
-0.294663 -9.45141 0
-0.266103 -9.48427 0
-0.23739 -9.51904 0
-0.208027 -9.53373 0
-0.179285 -9.58632 0
-0.14978 -9.61083 0
-0.120225 -9.64325 0
-0.0904502 -9.67358 0
-0.0604751 -9.70181 0
-0.0303872 -9.74995 0
1.83096e-07 -9.778 0
0.0305559 -9.80395 0
0.0613606 -9.84381 0
0.092227 -9.86357 0
0.123267 -9.88723 0
0.154643 -9.9228 0
0.186166 -9.95426 0
0.218018 -9.99162 0
0.249806 -10.0169 0
0.282033 -10.052 0
0.314109 -10.0751 0
0.346673 -10.1081 0
0.379596 -10.1449 0
0.412994 -10.1876 0
0.445965 -10.2143 0
0.383864 -8.20503 0
0.408437 -8.18381 0
0.434471 -8.19249 0
0.461011 -8.20907 0
0.487778 -8.22755 0
0.525378 -8.41762 0
0.554226 -8.45586 0
0.582222 -8.47803 0
0.617953 -8.60584 0
0.790645 -10.5504 0
0.827103 -10.5938 0
0.862707 -10.623 0
0.899341 -10.6621 0
0.93553 -10.6932 0
0.971921 -10.724 0
1.01001 -10.7707 0
1.04782 -10.8113 0
1.08589 -10.8518 0
1.12237 -10.8742 0
1.16155 -10.9204 0
1.20211 -10.9764 0
1.23989 -11.0044 0
1.2804 -11.0541 0
1.31933 -11.0878 0
1.35873 -11.1233 0
1.39961 -11.1686 0
1.44232 -11.2257 0
1.48461 -11.2767 0
1.52482 -11.3097 0
1.56744 -11.3584 0
1.60787 -11.3891 0
1.65021 -11.4315 0
1.69255 -11.4718 0
1.38997 -9.22184 0
1.41779 -9.21153 0
1.44991 -9.2288 0
1.49861 -9.34865 0
1.91403 -11.7066 0
1.95872 -11.7499 0
1.61845 -9.52549 0
1.13434 -6.55254 0
1.1558 -6.55488 0
1.17552 -6.54731 0
1.19736 -6.55148 0
1.21667 -6.54182 0
0 -0 0
1.25667 -6.53018 0
0 -0 0
1.34261 -6.74976 0
1.37989 -6.82592 0
1.39874 -6.80983 0
0 -0 0
1.43785 -6.78533 0
0 -0 0
1.4878 -6.81141 0
1.51421 -6.83017 0
1.55305 -6.90346 0
1.39031 -6.09135 0
1.36553 -5.89799 0
1.37796 -5.86839 0
1.38235 -5.8057 0
1.39715 -5.78775 0
1.4109 -5.76589 0
1.42453 -5.74399 0
1.44194 -5.73758 0
1.45587 -5.71756 0
1.44621 -5.60648 0
1.41059 -5.39876 0
1.42996 -5.40401 0
1.49235 -5.56953 0
1.52594 -5.62469 0
1.5424 -5.61605 0
1.55614 -5.59772 0
1.57304 -5.59092 0
1.58772 -5.57637 0
1.60122 -5.55795 0
1.61517 -5.54141 0
1.63017 -5.52867 0
0 -0 0
0 -0 0
0 -0 0
0 -0 0
0 -0 0
0 -0 0
0.264199 -0.828914 0
0.266781 -0.828087 0
0.269361 -0.827251 0
0.268812 -0.816909 0
0.271356 -0.816067 0
0.273899 -0.815217 0
0.275795 -0.812466 0
0.278975 -0.813494 0
0.277581 -0.801282 0
0.280077 -0.800413 0
0.28257 -0.799536 0
0.28506 -0.798652 0
0.28687 -0.795878 0
0.290033 -0.796859 0
0.292515 -0.795952 0
0.294995 -0.795036 0
0.29256 -0.781002 0
0.299237 -0.791311 0
0.297422 -0.779164 0
0.299849 -0.778233 0
0.306623 -0.788479 0
0.304694 -0.776349 0
0.306376 -0.773536 0
0.309528 -0.774434 0
0.31194 -0.773466 0
0.314349 -0.77249 0
0.310678 -0.756705 0
0.314566 -0.759429 0
0.320787 -0.767672 0
0.31774 -0.753768 0
0.320087 -0.752774 0
0.324009 -0.755449 0
0.324773 -0.750764 0
0.323913 -0.742415 0
0.331058 -0.752386 0
0.328534 -0.740382 0
0.33084 -0.739354 0
0.338078 -0.749258 0
0.338755 -0.74456 0
0.34024 -0.741682 0
0.340031 -0.735173 0
0.342321 -0.734109 0
0.342905 -0.729419 0
0.345177 -0.728347 0
0.34917 -0.730877 0
0.34971 -0.726181 0
0.351972 -0.725087 0
0.349835 -0.715005 0
0.356485 -0.722879 0
0.360516 -0.725347 0
0.356505 -0.711702 0
0.358721 -0.710588 0
0.360934 -0.709466 0
0.367706 -0.717237 0
0.36535 -0.707203 0
0.367552 -0.706061 0
0.369751 -0.704912 0
0.371946 -0.703756 0
0.373197 -0.700828 0
0.37538 -0.699661 0
0.377559 -0.698488 0
0.379734 -0.697308 0
0.381905 -0.696121 0
0.38504 -0.696678 0
0.386237 -0.693727 0
0.388397 -0.69252 0
0.383667 -0.679117 0
0.392706 -0.690085 0
0.388887 -0.678447 0
0.391 -0.677232 0
0.393109 -0.67601 0
0.396225 -0.676507 0
0.396299 -0.671824 0
0.398391 -0.670585 0
0.402533 -0.672773 0
0.402563 -0.668089 0
0.405681 -0.668541 0
0.407762 -0.667274 0
0.40984 -0.665999 0
0.41086 -0.663019 0
0.413983 -0.663432 0
0.408601 -0.650284 0
0.411695 -0.650698 0
0.413721 -0.649411 0
0.422222 -0.658219 0
0.417761 -0.64682 0
0.418684 -0.643838 0
0.421784 -0.644203 0
0.422689 -0.641216 0
0.425792 -0.641562 0
0.427789 -0.640232 0
0.429782 -0.638895 0
0.431772 -0.637553 0
0.433757 -0.636204 0
0.435737 -0.634849 0
0.432029 -0.625261 0
0.439686 -0.63212 0
0.441654 -0.630747 0
0.442465 -0.627733 0
0.445577 -0.627982 0
0.44637 -0.624963 0
0.449483 -0.625192 0
0.444394 -0.614067 0
0.446305 -0.612679 0
0.448213 -0.611285 0
0.450116 -0.609885 0
0.452014 -0.608479 0
0.453909 -0.607068 0
0.455798 -0.60565 0
0.455269 -0.601038 0
0.459565 -0.602797 0
0.461441 -0.601362 0
0.463313 -0.599921 0
0.466408 -0.600053 0
0.467044 -0.597021 0
0.468902 -0.595563 0
0.470756 -0.594098 0
0.472605 -0.592628 0
0.47445 -0.591152 0
0.47629 -0.589671 0
0.478126 -0.588184 0
0.479956 -0.586691 0
0.47924 -0.582104 0
0.483604 -0.583687 0
0.486702 -0.583714 0
0.47952 -0.571469 0
0.480008 -0.568444 0
0.490843 -0.577613 0
0.492641 -0.576081 0
0.485302 -0.563931 0
0.488366 -0.563928 0
0.488808 -0.560895 0
0.490553 -0.559369 0
0.493618 -0.559337 0
0.49403 -0.5563 0
0.495762 -0.554758 0
0.497488 -0.55321 0
0.49921 -0.551657 0
0.500927 -0.550098 0
0.50399 -0.550009 0
0.504346 -0.546965 0
0.51285 -0.552721 0
0.507746 -0.543811 0
0.509438 -0.542226 0
0.517996 -0.547902 0
0.512808 -0.53904 0
0.515869 -0.538884 0
0.516158 -0.535833 0
0.517826 -0.534221 0
0 -0 0
0 -0 0
0 -0 0
0 -0 0
0 -0 0
0 -0 0
0 -0 0
0 -0 0
0 -0 0
3.2599 -3.15985 0
3.26973 -3.14968 0
3.27953 -3.13947 0
3.2893 -3.12923 0
3.29904 -3.11897 0
3.31166 -3.11141 0
3.31842 -3.09834 0
3.33099 -3.0907 0
3.33766 -3.0776 0
3.36936 -3.08745 0
3.40262 -3.09848 0
3.45527 -3.12677 0
3.48284 -3.13204 0
3.59698 -3.21446 0
3.74456 -3.32541 0
3.85238 -3.39974 0
4.06445 -3.56442 0
4.11474 -3.5859 0
4.12136 -3.56913 0
4.10366 -3.53148 0
4.19369 -3.58627 0
0 -0 0
0 -0 0
0 -0 0
0 -0 0
0 -0 0
0 -0 0
0 -0 0
0 -0 0
0 -0 0
0 -0 0
0 -0 0
12.8068 -10.148 0
12.7394 -10.0301 0
12.7674 -9.98783 0
12.789 -9.94063 0
12.85 -9.92395 0
1.44073 -1.10551 0
1.43781 -1.09616 0
1.43484 -1.08685 0
1.43023 -1.07636 0
1.42236 -1.06351 0
1.40962 -1.04715 0
1.40161 -1.03443 0
1.39999 -1.02651 0
1.39348 -1.01508 0
1.38692 -1.0037 0
1.37867 -0.991197 0
1.37036 -0.978758 0
1.35709 -0.962909 0
1.34864 -0.950609 0
1.3516 -0.946401 0
1.34469 -0.935332 0
1.32786 -0.917493 0
1.32906 -0.912219 0
1.32363 -0.902439 0
1.31485 -0.890459 0
1.31762 -0.886356 0
1.3237 -0.884468 0
1.32645 -0.880338 0
1.32752 -0.875099 0
1.33191 -0.872053 0
1.33295 -0.866807 0
1.33732 -0.863734 0
1.34842 -0.864961 0
1.3528 -0.861829 0
1.35548 -0.857608 0
1.35815 -0.853379 0
1.36419 -0.85126 0
1.37194 -0.850165 0
1.37799 -0.847981 0
1.38062 -0.843682 0
1.38325 -0.839375 0
1.39271 -0.839189 0
1.39703 -0.835871 0
1.39963 -0.831513 0
1.40222 -0.827147 0
1.40479 -0.822772 0
1.40735 -0.81839 0
1.42201 -0.821 0
1.41589 -0.811591 0
1.43753 -0.818055 0
1.44182 -0.814555 0
1.4426 -0.809079 0
1.44687 -0.805552 0
1.45812 -0.805876 0
1.46063 -0.801327 0
1.46487 -0.797728 0
1.46735 -0.793158 0
1.46982 -0.788581 0
1.47403 -0.784936 0
1.48708 -0.785946 0
1.48775 -0.780378 0
1.49018 -0.775738 0
1.49259 -0.771089 0
1.50744 -0.772821 0
1.50093 -0.763585 0
1.52116 -0.767916 0
1.52533 -0.764067 0
1.52771 -0.759309 0
1.53007 -0.754544 0
1.54319 -0.755046 0
1.54553 -0.750233 0
1.54786 -0.745412 0
1.56281 -0.74662 0
1.57236 -0.745171 0
1.62355 -0.763241 0
1.64586 -0.767475 0
2.53408 -1.17206 0
2.47773 -1.13664 0
2.53405 -1.15293 0
4.61951 -2.0844 0
4.65337 -2.08225 0
4.67446 -2.07423 0
4.68823 -2.06287 0
4.69647 -2.04905 0
4.71384 -2.03916 0
4.72385 -2.02604 0
4.7375 -2.01444 0
4.74192 -1.99889 0
4.7389 -1.98024 0
4.81711 -1.99531 0
4.91026 -2.01599 0
4.92393 -2.00369 0
4.93757 -1.99133 0
4.92889 -1.96999 0
4.90898 -1.94431 0
7.5047 -2.94538 0
7.55858 -2.93937 0
7.71514 -2.97261 0
7.68513 -2.93357 0
7.63063 -2.88555 0
7.54969 -2.82808 0
6.57217 -2.43857 0
6.42956 -2.36289 0
6.3636 -2.31616 0
6.33692 -2.28411 0
6.30068 -2.24888 0
6.27749 -2.21857 0
6.23907 -2.18314 0
6.20805 -2.1506 0
6.18445 -2.12086 0
6.15883 -2.09064 0
6.12361 -2.05742 0
6.09014 -2.02508 0
6.05463 -1.99233 0
6.03418 -1.96478 0
5.99649 -1.93186 0
5.96628 -1.90162 0
5.93975 -1.8728 0
5.91119 -1.84356 0
5.87104 -1.81098 0
5.80588 -1.77108 0
5.69457 -1.71774 0
5.63664 -1.68112 0
5.60541 -1.6528 0
5.58365 -1.62749 0
5.55218 -1.59956 0
5.52829 -1.57403 0
5.50044 -1.54758 0
5.4744 -1.52186 0
5.45405 -1.49791 0
5.43359 -1.47409 0
5.38793 -1.44369 0
5.36921 -1.42075 0
5.34652 -1.39693 0
5.32761 -1.37427 0
5.2931 -1.34779 0
5.26236 -1.32251 0
5.25481 -1.30321 0
5.25302 -1.28541 0
5.25894 -1.2695 0
5.27649 -1.25634 0
5.30764 -1.24629 0
5.28617 -1.22388 0
5.22366 -1.19227 0
5.16296 -1.1615 0
5.09431 -1.12938 0
5.07631 -1.1088 0
5.05433 -1.08751 0
5.04595 -1.06926 0
5.01989 -1.0474 0
5.00746 -1.02853 0
4.97928 -1.00658 0
4.96474 -0.987547 0
4.94227 -0.967076 0
4.91973 -0.946755 0
4.9089 -0.928814 0
4.88425 -0.908391 0
4.86541 -0.889208 0
4.85438 -0.871566 0
4.83147 -0.851918 0
4.81045 -0.832762 0
4.78739 -0.81341 0
4.77609 -0.796183 0
4.75289 -0.777099 0
4.73159 -0.758483 0
4.65688 -0.731627 0
4.62158 -0.711329 0
4.58818 -0.691556 0
4.5725 -0.674626 0
4.56468 -0.658943 0
4.53899 -0.640799 0
4.51917 -0.623642 0
4.50127 -0.606882 0
4.48331 -0.590239 0
4.45736 -0.572695 0
4.4492 -0.557557 0
4.43106 -0.541263 0
4.41287 -0.525087 0
4.40058 -0.50972 0
4.3783 -0.493315 0
4.3659 -0.478143 0
4.35344 -0.463053 0
4.33696 -0.447635 0
4.32838 -0.43312 0
4.30981 -0.417698 0
4.2852 -0.401837 0
4.27647 -0.387577 0
4.25375 -0.372155 0
4.24094 -0.357719 0
4.22609 -0.343204 0
4.2072 -0.328475 0
4.2082 -0.315361 0
4.22113 -0.303103 0
4.18415 -0.287342 0
3.70605 -0.242907 0
3.54311 -0.221139 0
3.52381 -0.208912 0
3.52045 -0.197704 0
3.53304 -0.187367 0
3.66943 -0.183134 0
3.96766 -0.185623 0
4.18601 -0.182765 0
4.14659 -0.168098 0
4.12511 -0.154351 0
4.11958 -0.141288 0
4.09601 -0.1277 0
4.09239 -0.114821 0
4.07073 -0.101518 0
4.06303 -0.0886555 0
4.04929 -0.0757302 0
4.03751 -0.0629226 0
4.02369 -0.0501642 0
4.01182 -0.0375113 0
3.99992 -0.0249329 0
3.98598 -0.0124228 0
3.96 2.22457e-07 0
3.95998 0.0123422 0
3.94992 0.0246217 0
3.93383 0.0367825 0
3.9077 0.0487186 0
3.91952 0.0610843 0
3.89532 0.072851 0
3.88108 0.0846856 0
3.8688 0.096482 0
3.85848 0.108259 0
3.84213 0.119785 0
3.68383 0.126344 0
3.5695 0.133562 0
3.55708 0.1442 0
3.54862 0.154936 0
3.53413 0.165341 0
3.5316 0.176255 0
3.51905 0.186626 0
3.50647 0.19692 0
3.50385 0.207729 0
3.50119 0.218523 0
3.48652 0.228519 0
3.47581 0.238699 0
3.47306 0.249387 0
3.46229 0.259463 0
3.4495 0.269319 0
3.43669 0.279097 0
3.4358 0.289806 0
3.42093 0.299293 0
3.40803 0.30887 0
3.40705 0.31949 0
3.39609 0.329143 0
3.38111 0.338332 0
3.38004 0.348868 0
3.36502 0.35792 0
3.3619 0.368188 0
3.34881 0.37732 0
3.34762 0.387756 0
3.33249 0.396533 0
3.32925 0.406675 0
2.78621 0.349157 0
2.69584 0.34637 0
2.66699 0.351116 0
2.59651 0.350073 0
2.58352 0.356523 0
2.60418 0.367649 0
2.64063 0.381193 0
2.64932 0.39088 0
2.64413 0.398539 0
2.63893 0.40617 0
2.55664 0.401666 0
2.5297 0.405517 0
2.5383 0.415012 0
2.56264 0.427197 0
2.61059 0.443557 0
2.68211 0.464314 0
2.72989 0.481353 0
2.72641 0.489505 0
2.68355 0.490449 0
2.67611 0.497713 0
2.66079 0.503449 0
2.65135 0.510227 0
2.42992 0.475473 0
2.32838 0.463145 0
2.27204 0.459303 0
2.2608 0.46437 0
2.24564 0.468554 0
2.24417 0.475551 0
2.23094 0.480019 0
2.22944 0.486969 0
2.22986 0.494348 0
2.22831 0.501296 0
2.22674 0.508238 0
2.2115 0.512018 0
2.20989 0.518908 0
2.20827 0.525793 0
2.19301 0.529387 0
2.19135 0.53622 0
2.18967 0.543047 0
2.17632 0.546944 0
2.17461 0.553724 0
2.17287 0.560499 0
2.17112 0.567268 0
2.15967 0.571474 0
2.14242 0.574061 0
0 0 0
0 0 0
0 0 0
0 0 0
0 0 0
0 0 0
0 0 0
0 0 0
0 0 0
0 0 0
0 0 0
0 0 0
0 0 0
0 0 0
0 0 0
0 0 0
0 0 0
0 0 0
0 0 0
0 0 0
0 0 0
0 0 0
0 0 0
0 0 0
0 0 0
0 0 0
0 0 0
0 0 0
0 0 0
0 0 0
0 0 0
0 0 0
0 0 0
0 0 0
1.98145 0.770543 0
1.97159 0.773792 0
1.96917 0.779933 0
1.97044 0.787551 0
1.95685 0.7892 0
1.96179 0.798311 0
1.95004 0.800623 0
1.9383 0.80287 0
1.94501 0.812763 0
1.93141 0.81416 0
1.92887 0.820175 0
1.9263 0.826183 0
1.92372 0.832182 0
1.92111 0.838174 0
1.913 0.841741 0
1.91402 0.849321 0
1.90224 0.851198 0
1.89958 0.857122 0
1.8969 0.863039 0
1.88875 0.866445 0
1.89148 0.874846 0
1.89237 0.882427 0
1.90409 0.895128 0
1.91394 0.907053 0
1.92915 0.921636 0
1.93708 0.93285 0
1.95756 0.950237 0
1.98153 0.969518 0
2.00899 0.990727 0
2.02202 1.00499 0
2.04033 1.02204 0
2.0657 1.04282 0
2.08027 1.05832 0
2.05382 1.05293 0
1.91194 0.987729 0
1.84853 0.962284 0
1.83667 0.963396 0
1.82481 0.964443 0
1.82533 0.972005 0
1.82229 0.97769 0
1.81748 0.982413 0
1.81616 0.989029 0
1.81307 0.994685 0
1.81171 1.0013 0
1.80858 1.00694 0
1.81416 1.01746 0
1.81098 1.02311 0
1.80778 1.02875 0
1.8063 1.03538 0
1.80306 1.041 0
1.81191 1.05365 0
1.8069 1.05828 0
1.8122 1.06899 0
1.8209 1.08178 0
1.81752 1.08745 0
1.83296 1.10447 0
1.85174 1.12366 0
1.85505 1.1336 0
1.87195 1.15195 0
1.89555 1.17464 0
1.92243 1.1996 0
1.99658 1.25453 0
2.33237 1.47569 0
2.3615 1.50444 0
2.377 1.52475 0
2.38231 1.53866 0
2.37918 1.54717 0
2.39778 1.56991 0
2.40456 1.58509 0
2.41627 1.60363 0
2.42955 1.62338 0
2.47261 1.66331 0
2.49722 1.6912 0
2.52003 1.71813 0
2.54269 1.74521 0
2.56851 1.77473 0
2.60401 1.81128 0
2.65241 1.85724 0
2.68748 1.8943 0
2.74192 1.94549 0
2.81233 2.00866 0
2.82067 2.02793 0
2.81758 2.03905 0
2.77403 2.02074 0
2.74836 2.01518 0
2.7308 2.01543 0
2.72933 2.02751 0
2.7278 2.03959 0
2.747 2.06733 0
2.74054 2.07588 0
2.67044 2.03591 0
2.55142 1.95778 0
2.6292 2.03051 0
2.71445 2.10988 0
2.72204 2.12942 0
2.72796 2.14779 0
2.71498 2.15132 0
2.7067 2.15852 0
2.70152 2.1682 0
2.69475 2.17661 0
2.68795 2.185 0
2.67029 2.1845 0
2.6295 2.16484 0
2.61658 2.16792 0
2.63593 2.19784 0
2.64285 2.21762 0
2.53202 2.1381 0
2.44609 2.07864 0
2.37424 2.03036 0
2.36639 2.03644 0
2.36759 2.05035 0
2.37174 2.06692 0
2.41491 2.11782 0
2.52676 2.22988 0
2.58111 2.2922 0
2.57396 2.30023 0
2.56529 2.3069 0
2.55364 2.31086 0
2.54642 2.31881 0
2.53918 2.32673 0
2.53192 2.33464 0
2.5261 2.34388 0
2.51732 2.35037 0
2.50998 2.35821 0
2.50262 2.36602 0
2.49523 2.37381 0
2.48782 2.38157 0
2.47607 2.38515 0
2.47293 2.39703 0
2.46545 2.40473 0
2.45794 2.4124 0
2.45041 2.42005 0
2.44285 2.42767 0
2.43952 2.43952 0
2.42908 2.44427 0
2.42426 2.45468 0
2.4068 2.45223 0
2.40473 2.46545 0
2.39146 2.46718 0
2.38931 2.48039 0
2.38295 2.48927 0
2.36829 2.48944 0
2.36602 2.50262 0
2.35821 2.50998 0
2.35037 2.51732 0
2.35068 2.53343 0
2.33464 2.53192 0
2.32673 2.53918 0
2.31881 2.54642 0
2.31086 2.55364 0
2.30289 2.56083 0
2.2989 2.57247 0
2.28688 2.57513 0
2.28282 2.58675 0
2.27211 2.59084 0
2.27059 2.60545 0
2.26246 2.61251 0
2.25431 2.61955 0
2.24613 2.62656 0
2.23793 2.63355 0
2.22971 2.64051 0
2.22019 2.64592 0
2.2209 2.66358 0
2.20493 2.66125 0
2.19027 2.66038 0
2.18323 2.66875 0
2.18121 2.6833 0
2.17284 2.69008 0
2.1682 2.70152 0
2.15603 2.70357 0
2.15132 2.71498 0
2.14779 2.72796 0
2.13435 2.72834 0
2.12461 2.7334 0
2.12219 2.74792 0
2.11362 2.75452 0
2.10502 2.7611 0
2.09882 2.77083 0
2.08777 2.77416 0
2.08151 2.78386 0
2.07283 2.79034 0
2.06887 2.80322 0
2.06012 2.80965 0
2.05371 2.81929 0
2.04491 2.82568 0
2.0396 2.83691 0
2.02726 2.83837 0
2.02303 2.8512 0
2.01644 2.86076 0
2.00522 2.86376 0
1.99629 2.86999 0
1.98961 2.87949 0
1.98062 2.88568 0
1.97725 2.9001 0
1.96708 2.90459 0
1.95802 2.91071 0
1.95783 2.9301 0
1.94316 2.92785 0
1.93402 2.9339 0
1.92597 2.94158 0
1.9157 2.9459 0
1.91302 2.96193 0
1.90378 2.96788 0
1.89559 2.97549 0
1.88524 2.97969 0
1.87701 2.98724 0
1.87192 2.99987 0
1.86362 3.00739 0
1.85529 3.01488 0
1.84484 3.01894 0
1.83646 3.02639 0
1.83321 3.04238 0
1.82475 3.04979 0
1.81523 3.05546 0
1.8057 3.06111 0
1.80019 3.07362 0
1.79262 3.08267 0
1.783 3.08825 0
1.77337 3.09379 0
1.76866 3.10799 0
1.75897 3.11349 0
1.74925 3.11896 0
1.7405 3.12614 0
1.73655 3.14205 0
1.72098 3.13693 0
1.71693 3.15282 0
1.71375 3.17047 0
1.70386 3.17579 0
1.69396 3.18109 0
1.6831 3.18458 0
1.67503 3.19336 0
1.66968 3.20743 0
1.65968 3.21262 0
1.65057 3.21956 0
1.64506 3.2336 0
1.63498 3.23871 0
1.62487 3.24379 0
1.62099 3.26137 0
1.61082 3.26641 0
1.60063 3.27142 0
1.59042 3.27639 0
1.58107 3.28313 0
1.57514 3.29707 0
1.57086 3.31461 0
1.56052 3.31949 0
1.55016 3.32434 0
1.5398 3.32915 0
1.53525 3.34666 0
1.52481 3.35143 0
1.51436 3.35616 0
1.50798 3.37 0
1.49828 3.37651 0
1.48694 3.37933 0
1.482 3.39678 0
1.47141 3.40138 0
1.4608 3.40595 0
1.45018 3.41049 0
1.44498 3.42789 0
1.43429 3.43238 0
1.42817 3.44792 0
1.42274 3.4653 0
1.41193 3.46972 0
1.40111 3.47411 0
1.39028 3.47846 0
1.38458 3.49579 0
1.37368 3.50009 0
1.36277 3.50435 0
1.35184 3.50858 0
1.34874 3.53333 0
1.33843 3.53939 0
1.32739 3.54354 0
1.32052 3.55891 0
1.31011 3.56489 0
1.30241 3.57835 0
1.29125 3.58239 0
1.28075 3.58828 0
1.27423 3.60546 0
1.26497 3.61507 0
1.25173 3.61333 0
1.24371 3.62667 0
1.23626 3.64189 0
1.2249 3.64573 0
1.21353 3.64953 0
1.20653 3.66659 0
1.19881 3.68174 0
1.18733 3.68546 0
1.18009 3.70248 0
1.16734 3.70233 0
1.15937 3.71741 0
1.14837 3.72291 0
1.13792 3.7303 0
1.12918 3.7434 0
1.11751 3.7469 0
1.10978 3.7638 0
1.10085 3.77684 0
1.09018 3.78409 0
1.08057 3.79517 0
1.06982 3.80237 0
1.06064 3.81532 0
1.05245 3.8321 0
1.04051 3.83537 0
1.03165 3.85018 0
1.02272 3.86498 0
1.01067 3.86815 0
0.999605 3.87515 0
0.98999 3.88794 0
0.978843 3.89488 0
0.969588 3.90956 0
0.959775 3.92228 0
0.950362 3.93692 0
0.938551 3.94181 0
0.928547 3.95445 0
0.916218 3.95732 0
0.906995 3.97381 0
0.894606 3.97661 0
0.884805 3.9911 0
0.875349 4.00751 0
0.862855 4.01022 0
0.853254 4.02659 0
0.842743 4.03902 0
0.832968 4.05534 0
0.820721 4.05987 0
0.810015 4.07222 0
0.800392 4.09043 0
0.787639 4.0929 0
0.77711 4.10713 0
0.766866 4.12329 0
0.755809 4.1355 0
0.742916 4.13784 0
0.732448 4.15392 0
0.71711 4.14239 0
0.660309 3.8863 0
0.638657 3.83113 0
0.627681 3.83903 0
0.614131 3.83109 0
0.600635 3.82311 0
0.590543 3.83682 0
0.58037 3.85051 0
0.572454 3.88 0
0.560358 3.88176 0
0.548257 3.88349 0
0.528496 3.82971 0
0.513885 3.81151 0
0.499915 3.79723 0
0.493175 3.83845 0
0.482702 3.85187 0
0.466087 3.81564 0
0.452539 3.80317 0
0.436311 3.76682 0
0.421882 3.74431 0
0.405638 3.70385 0
0.394515 3.70908 0
0.381516 3.69636 0
0.368998 3.68758 0
0.356925 3.68274 0
0.336295 3.58627 0
0.321506 3.54746 0
0.312017 3.56638 0
0.300901 3.56733 0
0.28881 3.55629 0
0.282862 3.62297 0
0.272765 3.63979 0
0.262852 3.66058 0
0.252127 3.67135 0
0.24173 3.68809 0
0.231106 3.7028 0
0.22063 3.72147 0
0.209815 3.73611 0
0.199653 3.76471 0
0.188517 3.7773 0
0.176556 3.77387 0
0.164881 3.7764 0
0.152867 3.7709 0
0.140964 3.76736 0
0.130593 3.80776 0
0.121031 3.88211 0
0.133331 4.75213 0
0.118969 4.77052 0
0.104536 4.79086 0
0.0897541 4.79916 0
0.0750457 4.81542 0
0.0603116 4.83762 0
0.0452715 4.84179 0
0.0303182 4.86391 0
0.0151964 4.87598 0
-4.27125e-07 4.562 0
-0.0140752 4.51598 0
-0.0286112 4.58991 0
-0.0458708 4.90579 0
-0.0617835 4.95562 0
-0.077384 4.9654 0
-0.0931208 4.97913 0
-0.109206 5.00481 0
-0.125103 5.01644 0
-0.141129 5.03002 0
-0.157553 5.05354 0
-0.173783 5.06702 0
-0.189798 5.07245 0
-0.206984 5.10581 0
-0.223157 5.11113 0
-0.239927 5.12839 0
-0.257205 5.15359 0
-0.274007 5.16674 0
-0.291679 5.19382 0
-0.30822 5.19887 0
-0.325792 5.21984 0
-0.342975 5.23277 0
-0.360926 5.25562 0
-0.37845 5.27043 0
-0.396369 5.28917 0
-0.414253 5.30585 0
-0.432568 5.32646 0
-0.450511 5.34103 0
-0.469596 5.3675 0
-0.487586 5.37995 0
-0.506405 5.40031 0
-0.525548 5.42259 0
-0.543641 5.43287 0
-0.563445 5.459 0
-0.582995 5.48108 0
-0.603123 5.50707 0
-0 0 0
-0 0 0
-0 0 0
-0 0 0
-0 0 0
-0 0 0
-0 0 0
-0 0 0
-0 0 0
-0 0 0
-0 0 0
-0 0 0
-0 0 0
-0 0 0
-0 0 0
-0 0 0
-0 0 0
-0 0 0
-0 0 0
-0 0 0
-0 0 0
-0 0 0
-1.09452 5.9888 0
-1.11647 6.00306 0
-1.14187 6.03492 0
-1.16672 6.06276 0
-1.19176 6.0905 0
-1.2158 6.11225 0
-1.24119 6.1398 0
-1.26394 6.15353 0
-1.28965 6.18089 0
-1.3172 6.21597 0
-1.34329 6.24312 0
-1.36659 6.25649 0
-1.3943 6.2893 0
-1.42004 6.31224 0
-1.43393 6.28244 0
-1.45034 6.2643 0
-1.47214 6.26948 0
-1.51808 6.37576 0
-1.55766 6.45265 0
-1.57776 6.44777 0
-1.59159 6.41758 0
-1.62426 6.46303 0
-1.6666 6.54515 0
-0 0 0
-0 0 0
-0 0 0
-0 0 0
-0 0 0
-0 0 0
-0 0 0
-0 0 0
-0 0 0
-1.43899 4.99485 0
-0 0 0
-1.44125 4.88795 0
-0 0 0
-1.96668 6.51984 0
-1.98991 6.52324 0
-2.01495 6.5323 0
-2.04125 6.54508 0
-2.06585 6.55204 0
-0 0 0
-0 0 0
-0 0 0
-0 0 0
-0 0 0
-0 0 0
-0 0 0
-0 0 0
-2.61476 7.54793 0
-2.63365 7.52653 0
-2.19658 6.21526 0
-2.21191 6.19709 0
-2.22646 6.17699 0
-2.25049 6.18318 0
-0 0 0
-2.3697 6.38654 0
-0 0 0
-2.34155 6.19206 0
-2.343 6.13802 0
-2.35997 6.12508 0
-2.38557 6.13448 0
-2.40614 6.13073 0
-2.42965 6.13436 0
-2.45395 6.13976 0
-0 0 0
-10.1979 25.0605 0
-2.48695 6.05734 0
-2.41167 5.82229 0
-0 0 0
-0.693745 1.64576 0
-2.62018 6.16207 0
-2.65435 6.1888 0
-2.31788 5.35814 0
-2.24339 5.14191 0
-7.60628 17.2866 0
-2.68992 6.06199 0
-9.13363 20.4117 0
-0 0 0
-2.73075 6.00199 0
-0 0 0
-0 0 0
-2.75378 5.9055 0
-2.71261 5.77019 0
-2.71859 5.73641 0
-2.75801 5.77302 0
-2.77165 5.75539 0
-0 0 0
-2.87427 5.87453 0
-1.28087 2.59734 0
-0 0 0
-3.0285 6.04589 0
-3.11943 6.17926 0
-3.05343 6.00194 0
-0 0 0
-3.82607 7.40608 0
-3.7965 7.293 0
-3.81921 7.28114 0
-3.83721 7.26036 0
-3.8617 7.25189 0
-3.87483 7.2222 0
-0 0 0
-0.875205 1.60715 0
-4.02588 7.3382 0
-0 0 0
-0 0 0
-0 0 0
-0 0 0
-0 0 0
-2.76498 4.82374 0
-2.781 4.81683 0
-2.79499 4.80641 0
-2.80996 4.79768 0
-2.8249 4.7889 0
-2.75298 4.63392 0
-2.74071 4.58069 0
-2.7591 4.57898 0
-2.77544 4.57378 0
-2.78551 4.55828 0
-2.87412 4.67051 0
-0 0 0
-3.25787 5.22092 0
-3.16134 5.03124 0
-3.16417 5.00108 0
-2.95945 4.6454 0
-2.95555 4.60754 0
-2.96881 4.59662 0
-2.98204 4.58567 0
-2.98755 4.56297 0
-4.42063 6.70605 0
-4.43598 6.68391 0
-4.44901 6.65841 0
-4.46751 6.64119 0
-3.12109 4.60859 0
-3.13206 4.59389 0
-3.14749 4.58575 0
-3.16859 4.58579 0
-3.31078 4.75979 0
-0 0 0
-0 0 0
-0 0 0
-0 0 0
-0 0 0
-0 0 0
-0 0 0
-0 0 0
-0 0 0
-0 0 0
-0 0 0
-0 0 0
-0 0 0
-0 0 0
-0 0 0
-0 0 0
-0 0 0
-0 0 0
-0 0 0
-0 0 0
-0 0 0
-0 0 0
-0 0 0
-0 0 0
-0 0 0
-0 0 0
-0 0 0
-0 0 0
-0 0 0
-0 0 0
-0 0 0
-0 0 0
-0 0 0
-0 0 0
-0 0 0
-0 0 0
-0 0 0
-0 0 0
-0 0 0
-0 0 0
-0 0 0
-0 0 0
-0 0 0
-0 0 0
-0 0 0
-0 0 0
-0 0 0
-0 0 0
-0 0 0
-0 0 0
-0 0 0
-0 0 0
-0 0 0
-0 0 0
-0 0 0
-0 0 0
