-0.000000 -0.000000 0.000000
-0.000000 -0.000000 0.000000
-0.000000 -0.000000 0.000000
-0.000000 -0.000000 0.000000
-0.000000 -0.000000 0.000000
-0.000000 -0.000000 0.000000
-0.000000 -0.000000 0.000000
-0.000000 -0.000000 0.000000
-0.000000 -0.000000 0.000000
-0.000000 -0.000000 0.000000
-0.000000 -0.000000 0.000000
-0.000000 -0.000000 0.000000
-0.000000 -0.000000 0.000000
-0.000000 -0.000000 0.000000
-0.000000 -0.000000 0.000000
-0.000000 -0.000000 0.000000
-0.000000 -0.000000 0.000000
-0.000000 -0.000000 0.000000
-0.000000 -0.000000 0.000000
-0.000000 -0.000000 0.000000
-0.000000 -0.000000 0.000000
-0.000000 -0.000000 0.000000
-0.000000 -0.000000 0.000000
-0.000000 -0.000000 0.000000
-0.000000 -0.000000 0.000000
-0.000000 -0.000000 0.000000
-0.000000 -0.000000 0.000000
-0.000000 -0.000000 0.000000
-0.000000 -0.000000 0.000000
-0.000000 -0.000000 0.000000
-0.000000 -0.000000 0.000000
-0.000000 -0.000000 0.000000
-0.000000 -0.000000 0.000000
-0.000000 -0.000000 0.000000
-0.000000 -0.000000 0.000000
-0.000000 -0.000000 0.000000
-0.000000 -0.000000 0.000000
-0.000000 -0.000000 0.000000
-0.000000 -0.000000 0.000000
-0.000000 -0.000000 0.000000
-0.000000 -0.000000 0.000000
-0.000000 -0.000000 0.000000
-0.000000 -0.000000 0.000000
-0.000000 -0.000000 0.000000
-0.000000 -0.000000 0.000000
-0.000000 -0.000000 0.000000
-59.882397 -80.088068 0.000000
-59.632499 -80.274311 0.000000
-59.382022 -80.459775 0.000000
-59.130968 -80.644458 0.000000
-58.879340 -80.828357 0.000000
-58.627140 -81.011471 0.000000
-58.374371 -81.193798 0.000000
-58.121034 -81.375336 0.000000
-57.867133 -81.556084 0.000000
-0.000000 -0.000000 0.000000
-0.000000 -0.000000 0.000000
-0.000000 -0.000000 0.000000
-0.000000 -0.000000 0.000000
-0.000000 -0.000000 0.000000
-0.000000 -0.000000 0.000000
-0.000000 -0.000000 0.000000
-0.000000 -0.000000 0.000000
-0.000000 -0.000000 0.000000
-0.000000 -0.000000 0.000000
-0.000000 -0.000000 0.000000
-0.000000 -0.000000 0.000000
-0.000000 -0.000000 0.000000
-0.000000 -0.000000 0.000000
-0.000000 -0.000000 0.000000
-0.000000 -0.000000 0.000000
-0.000000 -0.000000 0.000000
-0.000000 -0.000000 0.000000
-1.892040 -3.032100 0.000000
-1.883639 -3.039691 0.000000
-1.878349 -3.052360 0.000000
-1.870911 -3.061610 0.000000
-1.861357 -3.067422 0.000000
-1.852820 -3.074920 0.000000
-1.843228 -3.080681 0.000000
-1.833618 -3.086411 0.000000
-1.835168 -3.111061 0.000000
-1.820411 -3.108139 0.000000
-1.810715 -3.113797 0.000000
-1.807002 -3.129819 0.000000
-1.798232 -3.137169 0.000000
-1.788448 -3.142761 0.000000
-1.782577 -3.155282 0.000000
-1.769800 -3.155590 0.000000
-1.764822 -3.169829 0.000000
-1.754932 -3.175309 0.000000
-1.745026 -3.180762 0.000000
-1.740845 -3.196727 0.000000
-1.730874 -3.202138 0.000000
-1.721831 -3.209279 0.000000
-1.710878 -3.212861 0.000000
-1.706466 -3.228792 0.000000
-1.696392 -3.234089 0.000000
-1.681687 -3.230491 0.000000
-1.466906 -2.839472 0.000000
-0.000000 -0.000000 0.000000
-1.408368 -2.768341 0.000000
-1.405141 -2.783430 0.000000
-0.000000 -0.000000 0.000000
-1.685082 -3.390329 0.000000
-1.679811 -3.406319 0.000000
-1.676219 -3.425911 0.000000
-1.665533 -3.431118 0.000000
-1.660908 -3.448911 0.000000
-1.648427 -3.450462 0.000000
-1.638521 -3.457389 0.000000
-0.000000 -0.000000 0.000000
-0.994844 -2.133450 0.000000
-0.000000 -0.000000 0.000000
-0.957342 -2.086890 0.000000
-0.945035 -2.077120 0.000000
-0.000000 -0.000000 0.000000
-0.839761 -1.876680 0.000000
-0.000000 -0.000000 0.000000
-0.798245 -1.814150 0.000000
-0.792587 -1.816629 0.000000
-0.788509 -1.822760 0.000000
-0.782825 -1.825210 0.000000
-0.776350 -1.825800 0.000000
-0.773762 -1.835580 0.000000
-0.000000 -0.000000 0.000000
-2.849462 -6.879209 0.000000
-2.829529 -6.891761 0.000000
-2.814064 -6.915359 0.000000
-0.000000 -0.000000 0.000000
-0.000000 -0.000000 0.000000
-0.000000 -0.000000 0.000000
-0.000000 -0.000000 0.000000
-0.000000 -0.000000 0.000000
-0.000000 -0.000000 0.000000
-0.636213 -1.666700 0.000000
-0.632431 -1.672420 0.000000
-0.627215 -1.674380 0.000000
-0.620603 -1.672580 0.000000
-0.614694 -1.672621 0.000000
-0.000000 -0.000000 0.000000
-0.000000 -0.000000 0.000000
-0.000000 -0.000000 0.000000
-0.000000 -0.000000 0.000000
-0.000000 -0.000000 0.000000
-0.000000 -0.000000 0.000000
-0.000000 -0.000000 0.000000
-0.000000 -0.000000 0.000000
-0.000000 -0.000000 0.000000
-0.000000 -0.000000 0.000000
-0.000000 -0.000000 0.000000
-0.000000 -0.000000 0.000000
-0.000000 -0.000000 0.000000
-0.000000 -0.000000 0.000000
-0.479926 -1.522130 0.000000
-0.476371 -1.527440 0.000000
-0.470428 -1.525090 0.000000
-0.466841 -1.530380 0.000000
-0.463802 -1.537570 0.000000
-0.457865 -1.535180 0.000000
-0.451380 -1.530840 0.000000
-0.000000 -0.000000 0.000000
-0.000000 -0.000000 0.000000
-0.000000 -0.000000 0.000000
-0.000000 -0.000000 0.000000
-0.000000 -0.000000 0.000000
-0.000000 -0.000000 0.000000
-0.000000 -0.000000 0.000000
-0.000000 -0.000000 0.000000
-0.000000 -0.000000 0.000000
-1.651244 -6.319839 0.000000
-1.650523 -6.398549 0.000000
-1.640444 -6.442429 0.000000
-1.597932 -6.358279 0.000000
-1.936770 -7.809420 0.000000
-1.915749 -7.829020 0.000000
-1.893686 -7.844671 0.000000
-1.872933 -7.866099 0.000000
-1.853894 -7.895259 0.000000
-1.835594 -7.928279 0.000000
-1.809985 -7.930061 0.000000
-1.788335 -7.949329 0.000000
-1.769611 -7.982200 0.000000
-1.749420 -8.009170 0.000000
-1.725712 -8.020450 0.000000
-1.701120 -8.027740 0.000000
-1.683446 -8.068249 0.000000
-1.660706 -8.085211 0.000000
-1.637877 -8.102111 0.000000
-1.618079 -8.134630 0.000000
-1.594639 -8.149450 0.000000
-1.571878 -8.168130 0.000000
-1.549015 -8.186741 0.000000
-1.527882 -8.215130 0.000000
-0.000000 -0.000000 0.000000
-1.483713 -8.263860 0.000000
-1.460381 -8.282230 0.000000
-1.436268 -8.296600 0.000000
-1.415093 -8.328639 0.000000
-1.393403 -8.358650 0.000000
-1.367669 -8.364930 0.000000
-1.119682 -6.984830 0.000000
-1.090456 -6.940861 0.000000
-1.070340 -6.954110 0.000000
-1.276994 -8.472299 0.000000
-1.253502 -8.496030 0.000000
-1.231018 -8.527610 0.000000
-1.205831 -8.541300 0.000000
-1.181120 -8.558890 0.000000
-0.000000 -0.000000 0.000000
-0.000000 -0.000000 0.000000
-1.110983 -8.646920 0.000000
-1.087510 -8.678120 0.000000
-1.061913 -8.693380 0.000000
-1.037649 -8.720480 0.000000
-0.000000 -0.000000 0.000000
-0.987975 -8.768520 0.000000
-0.799736 -7.302340 0.000000
-0.768935 -7.229220 0.000000
-0.000000 -0.000000 0.000000
-0.704144 -7.036860 0.000000
-0.683367 -7.050960 0.000000
-0.670164 -7.146650 0.000000
-0.660704 -7.290120 0.000000
-0.000000 -0.000000 0.000000
-0.000000 -0.000000 0.000000
-0.608055 -7.487350 0.000000
-0.585807 -7.503170 0.000000
-0.559579 -7.467060 0.000000
-0.538166 -7.494700 0.000000
-0.518505 -7.550220 0.000000
-0.499157 -7.615660 0.000000
-0.469688 -7.525360 0.000000
-0.451676 -7.618620 0.000000
-0.426472 -7.594030 0.000000
-0.491242 -9.262980 0.000000
-0.463567 -9.288440 0.000000
-0.435831 -9.315810 0.000000
-0.407929 -9.343100 0.000000
-0.380428 -9.384290 0.000000
-0.352001 -9.407420 0.000000
-0.323708 -9.438450 0.000000
-0.294664 -9.451410 0.000000
-0.266103 -9.484270 0.000000
-0.237390 -9.519040 0.000000
-0.208027 -9.533730 0.000000
-0.179285 -9.586320 0.000000
-0.149781 -9.610830 0.000000
-0.120225 -9.643250 0.000000
-0.090451 -9.673580 0.000000
-0.060475 -9.701810 0.000000
-0.030388 -9.749950 0.000000
-0.000000 -9.778000 0.000000
0.030555 -9.803950 0.000000
0.061360 -9.843810 0.000000
0.092227 -9.863570 0.000000
0.123267 -9.887230 0.000000
0.154642 -9.922800 0.000000
0.186166 -9.954260 0.000000
0.218018 -9.991620 0.000000
0.249806 -10.016900 0.000000
0.282032 -10.052000 0.000000
0.314108 -10.075100 0.000000
0.346674 -10.108100 0.000000
0.379595 -10.144900 0.000000
0.412992 -10.187600 0.000000
0.445966 -10.214300 0.000000
0.383864 -8.205030 0.000000
0.408437 -8.183810 0.000000
0.434471 -8.192490 0.000000
0.461011 -8.209070 0.000000
0.487777 -8.227550 0.000000
0.000000 -0.000000 0.000000
0.554226 -8.455860 0.000000
0.582221 -8.478030 0.000000
0.617953 -8.605840 0.000000
0.790643 -10.550400 0.000000
0.827106 -10.593800 0.000000
0.862704 -10.623000 0.000000
0.899337 -10.662100 0.000000
0.935534 -10.693200 0.000000
0.971916 -10.724000 0.000000
1.010003 -10.770701 0.000000
1.047812 -10.811301 0.000000
1.085886 -10.851800 0.000000
1.122369 -10.874200 0.000000
1.161546 -10.920400 0.000000
1.202111 -10.976400 0.000000
1.239898 -11.004399 0.000000
1.280399 -11.054100 0.000000
1.319336 -11.087799 0.000000
1.358732 -11.123300 0.000000
1.399607 -11.168600 0.000000
1.442313 -11.225701 0.000000
1.484606 -11.276701 0.000000
1.524824 -11.309699 0.000000
1.567449 -11.358399 0.000000
1.607873 -11.389100 0.000000
1.650214 -11.431499 0.000000
1.692547 -11.471800 0.000000
1.389969 -9.221840 0.000000
1.417790 -9.211530 0.000000
1.449907 -9.228801 0.000000
1.498606 -9.348651 0.000000
0.000000 -0.000000 0.000000
0.000000 -0.000000 0.000000
0.000000 -0.000000 0.000000
1.134344 -6.552539 0.000000
1.155802 -6.554880 0.000000
1.175519 -6.547310 0.000000
1.197357 -6.551481 0.000000
1.216673 -6.541819 0.000000
0.000000 -0.000000 0.000000
1.256670 -6.530180 0.000000
0.000000 -0.000000 0.000000
1.342611 -6.749760 0.000000
1.379889 -6.825920 0.000000
1.398742 -6.809830 0.000000
0.000000 -0.000000 0.000000
1.437846 -6.785331 0.000000
0.000000 -0.000000 0.000000
1.487796 -6.811411 0.000000
1.514212 -6.830170 0.000000
1.553049 -6.903460 0.000000
1.390311 -6.091350 0.000000
0.000000 -0.000000 0.000000
1.377962 -5.868390 0.000000
1.382348 -5.805700 0.000000
1.397149 -5.787750 0.000000
1.410904 -5.765889 0.000000
1.424534 -5.743989 0.000000
1.441941 -5.737580 0.000000
1.455870 -5.717560 0.000000
1.446207 -5.606481 0.000000
0.000000 -0.000000 0.000000
1.429963 -5.404009 0.000000
1.492351 -5.569530 0.000000
1.525936 -5.624691 0.000000
1.542399 -5.616050 0.000000
1.556143 -5.597719 0.000000
1.573041 -5.590920 0.000000
1.587719 -5.576370 0.000000
1.601218 -5.557951 0.000000
1.615173 -5.541409 0.000000
1.630172 -5.528669 0.000000
0.000000 -0.000000 0.000000
0.000000 -0.000000 0.000000
0.000000 -0.000000 0.000000
0.000000 -0.000000 0.000000
0.000000 -0.000000 0.000000
0.000000 -0.000000 0.000000
0.264199 -0.828914 0.000000
0.266781 -0.828087 0.000000
0.269360 -0.827251 0.000000
0.268812 -0.816909 0.000000
0.271356 -0.816067 0.000000
0.273898 -0.815217 0.000000
0.275795 -0.812466 0.000000
0.278975 -0.813494 0.000000
0.277581 -0.801282 0.000000
0.280077 -0.800413 0.000000
0.282570 -0.799536 0.000000
0.285060 -0.798652 0.000000
0.286870 -0.795878 0.000000
0.290033 -0.796859 0.000000
0.292515 -0.795952 0.000000
0.294995 -0.795036 0.000000
0.292560 -0.781002 0.000000
0.299237 -0.791311 0.000000
0.297422 -0.779164 0.000000
0.299849 -0.778233 0.000000
0.306623 -0.788479 0.000000
0.304694 -0.776349 0.000000
0.306376 -0.773536 0.000000
0.309528 -0.774434 0.000000
0.311940 -0.773466 0.000000
0.314349 -0.772490 0.000000
0.310678 -0.756705 0.000000
0.314566 -0.759429 0.000000
0.320787 -0.767672 0.000000
0.317740 -0.753768 0.000000
0.320087 -0.752774 0.000000
0.324009 -0.755449 0.000000
0.324773 -0.750764 0.000000
0.323912 -0.742415 0.000000
0.331058 -0.752386 0.000000
0.328534 -0.740382 0.000000
0.330840 -0.739354 0.000000
0.338078 -0.749258 0.000000
0.338755 -0.744560 0.000000
0.340240 -0.741682 0.000000
0.340031 -0.735173 0.000000
0.342321 -0.734109 0.000000
0.342905 -0.729419 0.000000
0.345177 -0.728347 0.000000
0.349170 -0.730877 0.000000
0.349710 -0.726181 0.000000
0.351972 -0.725087 0.000000
0.349835 -0.715005 0.000000
0.356485 -0.722879 0.000000
0.360516 -0.725347 0.000000
0.356505 -0.711702 0.000000
0.358721 -0.710588 0.000000
0.360934 -0.709466 0.000000
0.367706 -0.717237 0.000000
0.365350 -0.707203 0.000000
0.367552 -0.706061 0.000000
0.369751 -0.704912 0.000000
0.371946 -0.703756 0.000000
0.373197 -0.700828 0.000000
0.375380 -0.699661 0.000000
0.377559 -0.698488 0.000000
0.379734 -0.697308 0.000000
0.381905 -0.696121 0.000000
0.385040 -0.696678 0.000000
0.386237 -0.693727 0.000000
0.388397 -0.692520 0.000000
0.383667 -0.679117 0.000000
0.392706 -0.690085 0.000000
0.388887 -0.678447 0.000000
0.391000 -0.677232 0.000000
0.393109 -0.676010 0.000000
0.396225 -0.676507 0.000000
0.396299 -0.671824 0.000000
0.398391 -0.670585 0.000000
0.402533 -0.672773 0.000000
0.402563 -0.668089 0.000000
0.405681 -0.668541 0.000000
0.407762 -0.667274 0.000000
0.409840 -0.665999 0.000000
0.410860 -0.663019 0.000000
0.413983 -0.663432 0.000000
0.408601 -0.650284 0.000000
0.411695 -0.650698 0.000000
0.413721 -0.649411 0.000000
0.422222 -0.658219 0.000000
0.417761 -0.646820 0.000000
0.418684 -0.643838 0.000000
0.421784 -0.644203 0.000000
0.422689 -0.641216 0.000000
0.425792 -0.641562 0.000000
0.427789 -0.640232 0.000000
0.429782 -0.638895 0.000000
0.431772 -0.637553 0.000000
0.433757 -0.636204 0.000000
0.435737 -0.634849 0.000000
0.432029 -0.625261 0.000000
0.439686 -0.632120 0.000000
0.441654 -0.630747 0.000000
0.442465 -0.627733 0.000000
0.445577 -0.627982 0.000000
0.446370 -0.624963 0.000000
0.449483 -0.625192 0.000000
0.444394 -0.614067 0.000000
0.446305 -0.612679 0.000000
0.448213 -0.611285 0.000000
0.450116 -0.609885 0.000000
0.452014 -0.608479 0.000000
0.453909 -0.607068 0.000000
0.455798 -0.605650 0.000000
0.455269 -0.601038 0.000000
0.459565 -0.602797 0.000000
0.461441 -0.601362 0.000000
0.463313 -0.599921 0.000000
0.466408 -0.600053 0.000000
0.467044 -0.597021 0.000000
0.468902 -0.595563 0.000000
0.470756 -0.594098 0.000000
0.472605 -0.592628 0.000000
0.474450 -0.591152 0.000000
0.476290 -0.589671 0.000000
0.478126 -0.588184 0.000000
0.479956 -0.586691 0.000000
0.479240 -0.582104 0.000000
0.483604 -0.583687 0.000000
0.486702 -0.583714 0.000000
0.479520 -0.571469 0.000000
0.480008 -0.568444 0.000000
0.490843 -0.577613 0.000000
0.492641 -0.576081 0.000000
0.485302 -0.563931 0.000000
0.488366 -0.563928 0.000000
0.488808 -0.560895 0.000000
0.490553 -0.559369 0.000000
0.493618 -0.559337 0.000000
0.494030 -0.556300 0.000000
0.495762 -0.554758 0.000000
0.497488 -0.553210 0.000000
0.499210 -0.551657 0.000000
0.500927 -0.550098 0.000000
0.503990 -0.550009 0.000000
0.504346 -0.546965 0.000000
0.512850 -0.552721 0.000000
0.507746 -0.543811 0.000000
0.509438 -0.542226 0.000000
0.517996 -0.547902 0.000000
0.512808 -0.539040 0.000000
0.515869 -0.538884 0.000000
0.516158 -0.535833 0.000000
0.517826 -0.534221 0.000000
0.000000 -0.000000 0.000000
0.000000 -0.000000 0.000000
0.000000 -0.000000 0.000000
0.000000 -0.000000 0.000000
0.000000 -0.000000 0.000000
0.000000 -0.000000 0.000000
0.000000 -0.000000 0.000000
0.000000 -0.000000 0.000000
0.000000 -0.000000 0.000000
3.259900 -3.159851 0.000000
3.269733 -3.149677 0.000000
3.279532 -3.139468 0.000000
3.289299 -3.129231 0.000000
3.299041 -3.118969 0.000000
3.311660 -3.111410 0.000000
3.318417 -3.098343 0.000000
3.330987 -3.090704 0.000000
3.337663 -3.077597 0.000000
3.369360 -3.087450 0.000000
3.402624 -3.098476 0.000000
3.455268 -3.126772 0.000000
3.482843 -3.132037 0.000000
0.000000 -0.000000 0.000000
0.000000 -0.000000 0.000000
0.000000 -0.000000 0.000000
4.064447 -3.564424 0.000000
4.114738 -3.585903 0.000000
4.121358 -3.569133 0.000000
4.103658 -3.531483 0.000000
4.193689 -3.586272 0.000000
0.000000 -0.000000 0.000000
0.000000 -0.000000 0.000000
0.000000 -0.000000 0.000000
0.000000 -0.000000 0.000000
0.000000 -0.000000 0.000000
0.000000 -0.000000 0.000000
0.000000 -0.000000 0.000000
0.000000 -0.000000 0.000000
0.000000 -0.000000 0.000000
0.000000 -0.000000 0.000000
0.000000 -0.000000 0.000000
12.806827 -10.147966 0.000000
12.739418 -10.030077 0.000000
12.767411 -9.987817 0.000000
12.789010 -9.940618 0.000000
12.850008 -9.923940 0.000000
1.440730 -1.105511 0.000000
1.437806 -1.096165 0.000000
1.434840 -1.086849 0.000000
1.430231 -1.076359 0.000000
1.422361 -1.063509 0.000000
1.409621 -1.047149 0.000000
1.401607 -1.034433 0.000000
1.399988 -1.026513 0.000000
1.393480 -1.015079 0.000000
1.386920 -1.003699 0.000000
1.378670 -0.991196 0.000000
1.370360 -0.978758 0.000000
1.357091 -0.962907 0.000000
1.348642 -0.950607 0.000000
1.351600 -0.946401 0.000000
1.344691 -0.935331 0.000000
1.327859 -0.917495 0.000000
1.329060 -0.912219 0.000000
1.323632 -0.902437 0.000000
1.314850 -0.890459 0.000000
1.317619 -0.886357 0.000000
1.323700 -0.884468 0.000000
1.326450 -0.880338 0.000000
1.327519 -0.875100 0.000000
1.331911 -0.872052 0.000000
1.332949 -0.866809 0.000000
1.337321 -0.863733 0.000000
1.348421 -0.864959 0.000000
1.352800 -0.861829 0.000000
1.355480 -0.857608 0.000000
1.358149 -0.853381 0.000000
1.364191 -0.851259 0.000000
1.371940 -0.850165 0.000000
1.377990 -0.847982 0.000000
1.380621 -0.843680 0.000000
1.383249 -0.839376 0.000000
1.392710 -0.839189 0.000000
1.397031 -0.835869 0.000000
1.399631 -0.831512 0.000000
1.402219 -0.827148 0.000000
1.404789 -0.822773 0.000000
1.407349 -0.818392 0.000000
1.422011 -0.820998 0.000000
1.415890 -0.811591 0.000000
1.437531 -0.818054 0.000000
1.441819 -0.814556 0.000000
1.442601 -0.809077 0.000000
1.446869 -0.805553 0.000000
1.458121 -0.805875 0.000000
1.460629 -0.801329 0.000000
1.464871 -0.797726 0.000000
1.467351 -0.793157 0.000000
1.469819 -0.788582 0.000000
1.474031 -0.784935 0.000000
1.487081 -0.785945 0.000000
1.487751 -0.780377 0.000000
1.490180 -0.775738 0.000000
1.492590 -0.771090 0.000000
1.507441 -0.772820 0.000000
1.500930 -0.763584 0.000000
1.521160 -0.767917 0.000000
1.525330 -0.764066 0.000000
1.527709 -0.759311 0.000000
1.530069 -0.754546 0.000000
1.543190 -0.755047 0.000000
1.545531 -0.750231 0.000000
1.547861 -0.745410 0.000000
1.562811 -0.746619 0.000000
1.572360 -0.745171 0.000000
0.000000 -0.000000 0.000000
1.645859 -0.767477 0.000000
2.534080 -1.172060 0.000000
2.477732 -1.136637 0.000000
2.534052 -1.152927 0.000000
4.619509 -2.084402 0.000000
4.653370 -2.082249 0.000000
4.674462 -2.074226 0.000000
4.688230 -2.062870 0.000000
4.696470 -2.049049 0.000000
4.713839 -2.039162 0.000000
4.723850 -2.026039 0.000000
4.737502 -2.014436 0.000000
4.741921 -1.998887 0.000000
4.738899 -1.980242 0.000000
4.817109 -1.995312 0.000000
4.910260 -2.015990 0.000000
4.923929 -2.003692 0.000000
4.937571 -1.991329 0.000000
4.928890 -1.969990 0.000000
4.908980 -1.944310 0.000000
7.504701 -2.945378 0.000000
7.558580 -2.939371 0.000000
7.715142 -2.972606 0.000000
7.685131 -2.933568 0.000000
7.630630 -2.885549 0.000000
7.549691 -2.828079 0.000000
6.572169 -2.438573 0.000000
0.000000 -0.000000 0.000000
6.363600 -2.316161 0.000000
6.336920 -2.284109 0.000000
6.300679 -2.248883 0.000000
6.277489 -2.218573 0.000000
6.239068 -2.183144 0.000000
6.208051 -2.150597 0.000000
6.184451 -2.120857 0.000000
6.158830 -2.090641 0.000000
6.123609 -2.057423 0.000000
6.090141 -2.025077 0.000000
6.054629 -1.992333 0.000000
6.034179 -1.964783 0.000000
5.996490 -1.931861 0.000000
5.966279 -1.901624 0.000000
5.939751 -1.872796 0.000000
5.911191 -1.843556 0.000000
5.871041 -1.810976 0.000000
5.805880 -1.771079 0.000000
5.694569 -1.717743 0.000000
5.636640 -1.681120 0.000000
5.605410 -1.652800 0.000000
5.583651 -1.627486 0.000000
5.552181 -1.599556 0.000000
5.528290 -1.574030 0.000000
5.500439 -1.547583 0.000000
5.474400 -1.521861 0.000000
5.454051 -1.497907 0.000000
5.433590 -1.474092 0.000000
5.387930 -1.443691 0.000000
5.369209 -1.420754 0.000000
5.346519 -1.396935 0.000000
5.327610 -1.374271 0.000000
5.293100 -1.347789 0.000000
5.262360 -1.322511 0.000000
5.254809 -1.303215 0.000000
5.253021 -1.285406 0.000000
5.258941 -1.269496 0.000000
5.276490 -1.256342 0.000000
5.307640 -1.246292 0.000000
5.286170 -1.223880 0.000000
5.223661 -1.192266 0.000000
5.162961 -1.161495 0.000000
5.094310 -1.129381 0.000000
5.076309 -1.108803 0.000000
5.054330 -1.087509 0.000000
5.045949 -1.069263 0.000000
5.019889 -1.047403 0.000000
5.007459 -1.028534 0.000000
4.979279 -1.006583 0.000000
4.964740 -0.987548 0.000000
4.942270 -0.967076 0.000000
4.919730 -0.946755 0.000000
4.908900 -0.928814 0.000000
4.884250 -0.908392 0.000000
4.865410 -0.889208 0.000000
4.854380 -0.871566 0.000000
4.831470 -0.851918 0.000000
4.810450 -0.832762 0.000000
4.787390 -0.813410 0.000000
4.776090 -0.796183 0.000000
4.752890 -0.777099 0.000000
4.731590 -0.758483 0.000000
4.656880 -0.731627 0.000000
4.621580 -0.711329 0.000000
4.588180 -0.691557 0.000000
4.572500 -0.674625 0.000000
4.564680 -0.658942 0.000000
4.538990 -0.640799 0.000000
4.519170 -0.623641 0.000000
4.501270 -0.606881 0.000000
4.483310 -0.590239 0.000000
4.457360 -0.572695 0.000000
4.449200 -0.557557 0.000000
4.431060 -0.541262 0.000000
4.412870 -0.525087 0.000000
4.400580 -0.509720 0.000000
4.378300 -0.493316 0.000000
4.365900 -0.478144 0.000000
4.353440 -0.463053 0.000000
4.336960 -0.447635 0.000000
4.328380 -0.433120 0.000000
4.309810 -0.417699 0.000000
4.285200 -0.401837 0.000000
4.276470 -0.387577 0.000000
4.253750 -0.372155 0.000000
4.240940 -0.357719 0.000000
4.226090 -0.343205 0.000000
4.207200 -0.328475 0.000000
4.208200 -0.315361 0.000000
4.221130 -0.303103 0.000000
4.184150 -0.287343 0.000000
0.000000 -0.000000 0.000000
3.543110 -0.221140 0.000000
3.523810 -0.208912 0.000000
3.520450 -0.197704 0.000000
3.533040 -0.187367 0.000000
0.000000 -0.000000 0.000000
0.000000 -0.000000 0.000000
4.186010 -0.182765 0.000000
4.146590 -0.168097 0.000000
4.125110 -0.154351 0.000000
4.119580 -0.141288 0.000000
4.096010 -0.127700 0.000000
4.092390 -0.114821 0.000000
4.070730 -0.101518 0.000000
4.063030 -0.088656 0.000000
4.049290 -0.075730 0.000000
4.037510 -0.062923 0.000000
4.023690 -0.050164 0.000000
4.011820 -0.037511 0.000000
3.999920 -0.024933 0.000000
3.985980 -0.012423 0.000000
3.960000 0.000000 0.000000
3.959980 0.012342 0.000000
3.949920 0.024622 0.000000
3.933830 0.036782 0.000000
3.907700 0.048719 0.000000
3.919520 0.061084 0.000000
3.895320 0.072851 0.000000
3.881080 0.084686 0.000000
3.868800 0.096482 0.000000
3.858480 0.108259 0.000000
3.842130 0.119785 0.000000
3.683830 0.126343 0.000000
0.000000 0.000000 0.000000
3.557080 0.144200 0.000000
3.548620 0.154936 0.000000
3.534130 0.165341 0.000000
3.531600 0.176255 0.000000
3.519050 0.186625 0.000000
3.506470 0.196919 0.000000
3.503850 0.207729 0.000000
3.501190 0.218524 0.000000
3.486520 0.228519 0.000000
3.475810 0.238698 0.000000
3.473060 0.249387 0.000000
3.462290 0.259463 0.000000
3.449500 0.269318 0.000000
3.436690 0.279097 0.000000
3.435800 0.289806 0.000000
3.420930 0.299293 0.000000
3.408030 0.308870 0.000000
3.407050 0.319490 0.000000
3.396090 0.329143 0.000000
3.381110 0.338331 0.000000
3.380040 0.348867 0.000000
3.365020 0.357920 0.000000
3.361900 0.368188 0.000000
3.348810 0.377320 0.000000
3.347620 0.387756 0.000000
99.299499 11.815642 0.000000
99.262192 12.125067 0.000000
99.223920 12.434374 0.000000
99.184685 12.743560 0.000000
99.144486 13.052623 0.000000
2.596510 0.350073 0.000000
2.583520 0.356524 0.000000
2.604180 0.367649 0.000000
2.640630 0.381193 0.000000
2.649320 0.390880 0.000000
2.644130 0.398539 0.000000
2.638930 0.406170 0.000000
0.000000 0.000000 0.000000
2.529700 0.405516 0.000000
2.538300 0.415013 0.000000
2.562640 0.427197 0.000000
2.610590 0.443557 0.000000
2.682110 0.464314 0.000000
2.729890 0.481353 0.000000
2.726410 0.489506 0.000000
2.683550 0.490449 0.000000
2.676110 0.497713 0.000000
98.256647 18.591164 0.000000
98.198227 18.897306 0.000000
98.138854 19.203264 0.000000
98.078527 19.509036 0.000000
98.017248 19.814618 0.000000
2.260800 0.464369 0.000000
2.245640 0.468554 0.000000
2.244170 0.475551 0.000000
2.230940 0.480018 0.000000
2.229440 0.486970 0.000000
2.229860 0.494348 0.000000
2.228310 0.501296 0.000000
2.226740 0.508239 0.000000
2.211500 0.512017 0.000000
2.209890 0.518907 0.000000
2.208270 0.525793 0.000000
2.193010 0.529388 0.000000
2.191350 0.536220 0.000000
2.189670 0.543048 0.000000
2.176320 0.546942 0.000000
2.174610 0.553724 0.000000
2.172870 0.560498 0.000000
2.171120 0.567269 0.000000
2.159670 0.571474 0.000000
2.142420 0.574060 0.000000
0.000000 0.000000 0.000000
0.000000 0.000000 0.000000
0.000000 0.000000 0.000000
0.000000 0.000000 0.000000
0.000000 0.000000 0.000000
0.000000 0.000000 0.000000
0.000000 0.000000 0.000000
0.000000 0.000000 0.000000
0.000000 0.000000 0.000000
0.000000 0.000000 0.000000
0.000000 0.000000 0.000000
0.000000 0.000000 0.000000
0.000000 0.000000 0.000000
0.000000 0.000000 0.000000
0.000000 0.000000 0.000000
0.000000 0.000000 0.000000
0.000000 0.000000 0.000000
0.000000 0.000000 0.000000
0.000000 0.000000 0.000000
0.000000 0.000000 0.000000
0.000000 0.000000 0.000000
0.000000 0.000000 0.000000
0.000000 0.000000 0.000000
0.000000 0.000000 0.000000
0.000000 0.000000 0.000000
0.000000 0.000000 0.000000
0.000000 0.000000 0.000000
0.000000 0.000000 0.000000
0.000000 0.000000 0.000000
0.000000 0.000000 0.000000
0.000000 0.000000 0.000000
0.000000 0.000000 0.000000
0.000000 0.000000 0.000000
0.000000 0.000000 0.000000
1.981450 0.770544 0.000000
1.971590 0.773792 0.000000
1.969170 0.779934 0.000000
1.970440 0.787550 0.000000
1.956850 0.789200 0.000000
1.961790 0.798310 0.000000
1.950040 0.800622 0.000000
1.938300 0.802870 0.000000
1.945011 0.812761 0.000000
1.931411 0.814158 0.000000
1.928870 0.820176 0.000000
1.926300 0.826182 0.000000
1.923720 0.832183 0.000000
1.921111 0.838172 0.000000
1.913000 0.841740 0.000000
1.914021 0.849319 0.000000
1.902240 0.851198 0.000000
1.899580 0.857123 0.000000
1.896900 0.863040 0.000000
1.888749 0.866447 0.000000
1.891480 0.874845 0.000000
1.892370 0.882427 0.000000
1.904090 0.895127 0.000000
1.913940 0.907052 0.000000
1.929151 0.921634 0.000000
1.937081 0.932849 0.000000
1.957559 0.950238 0.000000
1.981531 0.969517 0.000000
2.008991 0.990725 0.000000
2.022017 1.004995 0.000000
2.040330 1.022040 0.000000
2.065702 1.042815 0.000000
2.080271 1.058318 0.000000
2.053819 1.052932 0.000000
1.911939 0.987731 0.000000
0.000000 0.000000 0.000000
1.836669 0.963397 0.000000
1.824811 0.964441 0.000000
1.825330 0.972005 0.000000
1.822291 0.977689 0.000000
1.817479 0.982415 0.000000
1.816160 0.989028 0.000000
1.813070 0.994685 0.000000
1.811711 1.001298 0.000000
1.808581 1.006939 0.000000
1.814158 1.017463 0.000000
1.810978 1.023113 0.000000
1.807779 1.028751 0.000000
1.806302 1.035376 0.000000
1.803061 1.040998 0.000000
1.811910 1.053650 0.000000
1.806897 1.058285 0.000000
1.812200 1.068990 0.000000
1.820898 1.081784 0.000000
1.817517 1.087454 0.000000
1.832962 1.104467 0.000000
1.851738 1.123663 0.000000
1.855051 1.133598 0.000000
1.871949 1.151952 0.000000
85.002403 52.674392 0.000000
84.837822 52.939059 0.000000
84.672417 53.203212 0.000000
84.506190 53.466848 0.000000
84.339142 53.729965 0.000000
2.376999 1.524751 0.000000
2.382310 1.538659 0.000000
2.379181 1.547168 0.000000
2.397777 1.569915 0.000000
2.404562 1.585087 0.000000
2.416270 1.603630 0.000000
2.429553 1.623376 0.000000
2.472607 1.663314 0.000000
2.497220 1.691200 0.000000
2.520031 1.718128 0.000000
2.542690 1.745210 0.000000
2.568508 1.774732 0.000000
2.604010 1.811279 0.000000
2.652411 1.857238 0.000000
2.687478 1.894303 0.000000
2.741917 1.945494 0.000000
0.000000 0.000000 0.000000
2.820673 2.027926 0.000000
2.817579 2.039052 0.000000
2.774030 2.020740 0.000000
2.748359 2.015181 0.000000
2.730804 2.015425 0.000000
2.729331 2.027508 0.000000
2.727798 2.039593 0.000000
2.747000 2.067330 0.000000
2.740541 2.075879 0.000000
2.670440 2.035909 0.000000
0.000000 0.000000 0.000000
2.629202 2.030508 0.000000
0.000000 0.000000 0.000000
2.722038 2.129423 0.000000
2.727958 2.147793 0.000000
2.714982 2.151317 0.000000
2.706699 2.158521 0.000000
2.701520 2.168200 0.000000
2.694751 2.176609 0.000000
2.687953 2.184997 0.000000
2.670292 2.184497 0.000000
2.629499 2.164841 0.000000
2.616579 2.167921 0.000000
2.635928 2.197843 0.000000
2.642853 2.217617 0.000000
0.000000 0.000000 0.000000
2.446093 2.078636 0.000000
0.000000 0.000000 0.000000
2.366388 2.036442 0.000000
2.367588 2.050353 0.000000
2.371740 2.066919 0.000000
2.414910 2.117820 0.000000
2.526760 2.229880 0.000000
0.000000 0.000000 0.000000
2.573959 2.300231 0.000000
2.565288 2.306902 0.000000
2.553638 2.310862 0.000000
2.546422 2.318808 0.000000
2.539180 2.326730 0.000000
2.531922 2.334638 0.000000
2.526101 2.343879 0.000000
2.517318 2.350372 0.000000
2.509982 2.358208 0.000000
2.502620 2.366020 0.000000
2.495233 2.373807 0.000000
2.487820 2.381570 0.000000
2.476068 2.385153 0.000000
2.472928 2.397032 0.000000
2.465449 2.404731 0.000000
2.457939 2.412401 0.000000
2.450410 2.420050 0.000000
2.442850 2.427670 0.000000
2.439520 2.439520 0.000000
2.429081 2.444269 0.000000
2.424264 2.454676 0.000000
2.406798 2.452232 0.000000
2.404731 2.465449 0.000000
2.391460 2.467180 0.000000
2.389313 2.480387 0.000000
2.382954 2.489266 0.000000
2.368293 2.489437 0.000000
2.366019 2.502621 0.000000
2.358208 2.509982 0.000000
2.350372 2.517318 0.000000
2.350680 2.533430 0.000000
2.334638 2.531922 0.000000
2.326730 2.539180 0.000000
2.318807 2.546422 0.000000
2.310861 2.553639 0.000000
2.302891 2.560829 0.000000
2.298900 2.572470 0.000000
2.286881 2.575129 0.000000
2.282820 2.586750 0.000000
2.272107 2.590842 0.000000
2.270591 2.605449 0.000000
2.262458 2.612512 0.000000
2.254307 2.619553 0.000000
2.246128 2.626562 0.000000
2.237931 2.633549 0.000000
2.229711 2.640509 0.000000
2.220190 2.645920 0.000000
2.220899 2.663580 0.000000
2.204931 2.661249 0.000000
2.190266 2.660383 0.000000
2.183233 2.668747 0.000000
2.181212 2.683298 0.000000
2.172838 2.690082 0.000000
2.168199 2.701521 0.000000
2.156027 2.703573 0.000000
2.151317 2.714982 0.000000
2.147793 2.727958 0.000000
2.134352 2.728339 0.000000
2.124611 2.733399 0.000000
2.122192 2.747919 0.000000
2.113618 2.754521 0.000000
2.105024 2.761097 0.000000
2.098821 2.770829 0.000000
2.087770 2.774160 0.000000
2.081510 2.783860 0.000000
2.072829 2.790341 0.000000
2.068870 2.803220 0.000000
2.060120 2.809650 0.000000
2.053709 2.819291 0.000000
2.044913 2.825678 0.000000
2.039599 2.836910 0.000000
2.027260 2.838370 0.000000
2.023033 2.851198 0.000000
2.016441 2.860759 0.000000
2.005224 2.863757 0.000000
1.996288 2.869991 0.000000
1.989608 2.879491 0.000000
1.980624 2.885677 0.000000
1.977253 2.900098 0.000000
1.967082 2.904589 0.000000
1.958022 2.910708 0.000000
1.957830 2.930100 0.000000
1.943156 2.927852 0.000000
1.934024 2.933897 0.000000
1.925965 2.941583 0.000000
1.915701 2.945899 0.000000
1.913018 2.961931 0.000000
1.903778 2.967881 0.000000
1.895594 2.975487 0.000000
1.885241 2.979689 0.000000
1.877008 2.987241 0.000000
1.871925 2.999867 0.000000
1.863622 3.007389 0.000000
1.855286 3.014882 0.000000
1.844837 3.018942 0.000000
1.836459 3.026391 0.000000
1.833212 3.042379 0.000000
1.824746 3.049792 0.000000
1.815230 3.055460 0.000000
1.805702 3.061109 0.000000
1.800192 3.073619 0.000000
1.792615 3.082673 0.000000
1.783001 3.088249 0.000000
1.773368 3.093791 0.000000
1.768660 3.107990 0.000000
1.758967 3.113491 0.000000
1.749255 3.118957 0.000000
1.740498 3.126141 0.000000
1.736550 3.142050 0.000000
1.720979 3.136931 0.000000
1.716933 3.152818 0.000000
1.713754 3.170468 0.000000
1.703862 3.175789 0.000000
1.693960 3.181090 0.000000
1.683100 3.184580 0.000000
1.675028 3.193361 0.000000
1.669682 3.207429 0.000000
1.659679 3.212621 0.000000
1.650571 3.219559 0.000000
1.645062 3.233599 0.000000
1.634977 3.238711 0.000000
1.624874 3.243788 0.000000
1.620986 3.261372 0.000000
1.610816 3.266412 0.000000
1.600630 3.271420 0.000000
1.590424 3.276388 0.000000
1.581071 3.283129 0.000000
1.575144 3.297068 0.000000
1.570856 3.314612 0.000000
1.560518 3.319491 0.000000
1.550164 3.324338 0.000000
1.539795 3.329152 0.000000
1.535249 3.346660 0.000000
1.524812 3.351429 0.000000
1.514357 3.356161 0.000000
1.507978 3.370001 0.000000
1.498278 3.376511 0.000000
1.486940 3.379330 0.000000
1.482000 3.396780 0.000000
1.471406 3.401382 0.000000
1.460798 3.405951 0.000000
1.450177 3.410491 0.000000
1.444977 3.427891 0.000000
1.434288 3.432381 0.000000
1.428174 3.447918 0.000000
1.422737 3.465301 0.000000
1.411931 3.469720 0.000000
1.401112 3.474109 0.000000
1.390279 3.478461 0.000000
1.384584 3.495788 0.000000
1.373683 3.500089 0.000000
1.362767 3.504351 0.000000
1.351839 3.508581 0.000000
1.348742 3.533329 0.000000
1.338432 3.539389 0.000000
1.327393 3.543539 0.000000
1.320517 3.558911 0.000000
1.310110 3.564890 0.000000
1.302412 3.578349 0.000000
1.291253 3.582389 0.000000
1.280753 3.588279 0.000000
1.274231 3.605460 0.000000
1.264968 3.615071 0.000000
1.251732 3.613329 0.000000
1.243708 3.626671 0.000000
1.236255 3.641892 0.000000
1.224900 3.645730 0.000000
1.213531 3.649530 0.000000
1.206527 3.666591 0.000000
1.198808 3.681741 0.000000
1.187328 3.685461 0.000000
1.180087 3.702481 0.000000
1.167340 3.702330 0.000000
1.159369 3.717410 0.000000
1.148366 3.722911 0.000000
1.137924 3.730299 0.000000
1.129180 3.743400 0.000000
1.117508 3.746901 0.000000
1.109786 3.763798 0.000000
1.100848 3.776840 0.000000
1.090177 3.784091 0.000000
1.080571 3.795170 0.000000
1.069821 3.802370 0.000000
1.060643 3.815319 0.000000
1.052452 3.832099 0.000000
1.040507 3.835371 0.000000
1.031652 3.850179 0.000000
1.022718 3.864980 0.000000
1.010668 3.868151 0.000000
0.999605 3.875150 0.000000
0.989991 3.887940 0.000000
0.978842 3.894880 0.000000
0.969587 3.909560 0.000000
0.959775 3.922280 0.000000
0.950363 3.936920 0.000000
0.938552 3.941810 0.000000
0.928548 3.954450 0.000000
0.916218 3.957320 0.000000
0.906996 3.973810 0.000000
0.894605 3.976610 0.000000
0.884805 3.991100 0.000000
0.875348 4.007510 0.000000
0.862854 4.010220 0.000000
0.853255 4.026590 0.000000
0.842744 4.039020 0.000000
0.832968 4.055340 0.000000
0.820720 4.059870 0.000000
0.810015 4.072220 0.000000
0.800392 4.090430 0.000000
0.787639 4.092900 0.000000
0.777111 4.107130 0.000000
0.766865 4.123290 0.000000
0.755809 4.135500 0.000000
0.742917 4.137840 0.000000
0.732448 4.153920 0.000000
0.717110 4.142390 0.000000
0.660309 3.886300 0.000000
0.638656 3.831130 0.000000
0.627682 3.839030 0.000000
0.614131 3.831090 0.000000
0.600636 3.823110 0.000000
0.590543 3.836820 0.000000
0.580371 3.850510 0.000000
0.572454 3.880000 0.000000
0.560358 3.881760 0.000000
0.548257 3.883490 0.000000
0.528496 3.829710 0.000000
0.513885 3.811510 0.000000
0.499915 3.797230 0.000000
0.493176 3.838450 0.000000
0.482702 3.851870 0.000000
0.466087 3.815640 0.000000
0.452539 3.803170 0.000000
0.436312 3.766820 0.000000
0.421882 3.744310 0.000000
0.405637 3.703850 0.000000
0.394515 3.709080 0.000000
0.381516 3.696360 0.000000
0.368998 3.687580 0.000000
0.356924 3.682740 0.000000
0.000000 0.000000 0.000000
0.321506 3.547460 0.000000
0.312018 3.566380 0.000000
0.300900 3.567330 0.000000
0.288809 3.556290 0.000000
0.282861 3.622970 0.000000
0.272764 3.639790 0.000000
0.262852 3.660580 0.000000
0.252127 3.671350 0.000000
0.241730 3.688090 0.000000
0.231106 3.702800 0.000000
0.220630 3.721470 0.000000
0.209815 3.736110 0.000000
0.199653 3.764710 0.000000
0.188517 3.777300 0.000000
0.176556 3.773870 0.000000
0.164881 3.776400 0.000000
0.152867 3.770900 0.000000
0.140964 3.767360 0.000000
0.130593 3.807760 0.000000
0.121031 3.882110 0.000000
0.133332 4.752130 0.000000
0.118969 4.770520 0.000000
0.104537 4.790860 0.000000
0.089754 4.799160 0.000000
0.075046 4.815420 0.000000
0.060312 4.837620 0.000000
0.045272 4.841790 0.000000
0.030318 4.863910 0.000000
0.015196 4.875980 0.000000
-0.000000 4.562000 0.000000
-0.014075 4.515980 0.000000
-0.028611 4.589910 0.000000
-0.045871 4.905790 0.000000
-0.061784 4.955620 0.000000
-0.077384 4.965400 0.000000
-0.093121 4.979130 0.000000
-0.109206 5.004810 0.000000
-0.125103 5.016440 0.000000
-0.141129 5.030020 0.000000
-0.157553 5.053540 0.000000
-0.173782 5.067020 0.000000
-0.189798 5.072450 0.000000
-0.206984 5.105810 0.000000
-0.223157 5.111130 0.000000
-0.239927 5.128390 0.000000
-0.257205 5.153590 0.000000
-0.274007 5.166740 0.000000
-0.291679 5.193820 0.000000
-0.308220 5.198870 0.000000
-0.325792 5.219840 0.000000
-0.342974 5.232770 0.000000
-0.360926 5.255620 0.000000
-0.378450 5.270430 0.000000
-0.396369 5.289170 0.000000
-0.414252 5.305850 0.000000
-0.432567 5.326460 0.000000
-0.450511 5.341030 0.000000
-0.469596 5.367500 0.000000
-0.487586 5.379950 0.000000
-0.506405 5.400310 0.000000
-0.525548 5.422590 0.000000
-0.543641 5.432870 0.000000
-0.563445 5.459000 0.000000
-0.582995 5.481080 0.000000
-0.603123 5.507070 0.000000
-0.000000 0.000000 0.000000
-0.000000 0.000000 0.000000
-0.000000 0.000000 0.000000
-0.000000 0.000000 0.000000
-0.000000 0.000000 0.000000
-0.000000 0.000000 0.000000
-0.000000 0.000000 0.000000
-0.000000 0.000000 0.000000
-0.000000 0.000000 0.000000
-0.000000 0.000000 0.000000
-0.000000 0.000000 0.000000
-0.000000 0.000000 0.000000
-0.000000 0.000000 0.000000
-0.000000 0.000000 0.000000
-0.000000 0.000000 0.000000
-0.000000 0.000000 0.000000
-0.000000 0.000000 0.000000
-0.000000 0.000000 0.000000
-0.000000 0.000000 0.000000
-0.000000 0.000000 0.000000
-0.000000 0.000000 0.000000
-0.000000 0.000000 0.000000
-1.094521 5.988800 0.000000
-1.116473 6.003059 0.000000
-1.141869 6.034920 0.000000
-1.166720 6.062760 0.000000
-1.191756 6.090501 0.000000
-1.215803 6.112249 0.000000
-1.241188 6.139800 0.000000
-1.263938 6.153530 0.000000
-1.289648 6.180890 0.000000
-1.317197 6.215971 0.000000
-1.343295 6.243119 0.000000
-1.366588 6.256491 0.000000
-1.394305 6.289299 0.000000
-1.420045 6.312239 0.000000
-1.433927 6.282441 0.000000
-1.450342 6.264300 0.000000
-1.472143 6.269479 0.000000
-1.518081 6.375760 0.000000
-1.557656 6.452651 0.000000
-1.577760 6.447770 0.000000
-1.591588 6.417581 0.000000
-1.624258 6.463030 0.000000
-1.666601 6.545150 0.000000
-0.000000 0.000000 0.000000
-0.000000 0.000000 0.000000
-0.000000 0.000000 0.000000
-0.000000 0.000000 0.000000
-0.000000 0.000000 0.000000
-0.000000 0.000000 0.000000
-0.000000 0.000000 0.000000
-0.000000 0.000000 0.000000
-0.000000 0.000000 0.000000
-0.000000 0.000000 0.000000
-0.000000 0.000000 0.000000
-0.000000 0.000000 0.000000
-0.000000 0.000000 0.000000
-1.966683 6.519839 0.000000
-1.989910 6.523240 0.000000
-2.014949 6.532300 0.000000
-2.041252 6.545080 0.000000
-2.065851 6.552040 0.000000
-0.000000 0.000000 0.000000
-0.000000 0.000000 0.000000
-0.000000 0.000000 0.000000
-0.000000 0.000000 0.000000
-0.000000 0.000000 0.000000
-0.000000 0.000000 0.000000
-0.000000 0.000000 0.000000
-0.000000 0.000000 0.000000
-0.000000 0.000000 0.000000
-0.000000 0.000000 0.000000
-2.196581 6.215260 0.000000
-2.211910 6.197090 0.000000
-2.226463 6.176989 0.000000
-2.250494 6.183179 0.000000
-0.000000 0.000000 0.000000
-2.369698 6.386541 0.000000
-0.000000 0.000000 0.000000
-2.341550 6.192060 0.000000
-2.343005 6.138018 0.000000
-2.359965 6.125082 0.000000
-2.385570 6.134480 0.000000
-2.406136 6.130732 0.000000
-2.429650 6.134360 0.000000
-2.453953 6.139759 0.000000
-0.000000 0.000000 0.000000
-0.000000 0.000000 0.000000
-0.000000 0.000000 0.000000
-0.000000 0.000000 0.000000
-0.000000 0.000000 0.000000
-0.000000 0.000000 0.000000
-0.000000 0.000000 0.000000
-0.000000 0.000000 0.000000
-0.000000 0.000000 0.000000
-0.000000 0.000000 0.000000
-0.000000 0.000000 0.000000
-0.000000 0.000000 0.000000
-0.000000 0.000000 0.000000
-0.000000 0.000000 0.000000
-0.000000 0.000000 0.000000
-0.000000 0.000000 0.000000
-0.000000 0.000000 0.000000
-2.753780 5.905500 0.000000
-0.000000 0.000000 0.000000
-2.718592 5.736409 0.000000
-2.758009 5.773021 0.000000
-2.771650 5.755390 0.000000
-0.000000 0.000000 0.000000
-2.874271 5.874529 0.000000
-0.000000 0.000000 0.000000
-0.000000 0.000000 0.000000
-0.000000 0.000000 0.000000
-0.000000 0.000000 0.000000
-0.000000 0.000000 0.000000
-0.000000 0.000000 0.000000
-3.826072 7.406079 0.000000
-3.796497 7.293001 0.000000
-3.819211 7.281139 0.000000
-3.837213 7.260359 0.000000
-3.861700 7.251890 0.000000
-3.874830 7.222200 0.000000
-0.000000 0.000000 0.000000
-0.000000 0.000000 0.000000
-0.000000 0.000000 0.000000
-0.000000 0.000000 0.000000
-0.000000 0.000000 0.000000
-0.000000 0.000000 0.000000
-0.000000 0.000000 0.000000
-0.000000 0.000000 0.000000
-2.764979 4.823740 0.000000
-2.780999 4.816831 0.000000
-2.794992 4.806409 0.000000
-2.809961 4.797680 0.000000
-2.824900 4.788900 0.000000
-0.000000 0.000000 0.000000
-2.740711 4.580689 0.000000
-2.759103 4.578978 0.000000
-2.775439 4.573781 0.000000
-2.785508 4.558281 0.000000
-0.000000 0.000000 0.000000
-0.000000 0.000000 0.000000
-0.000000 0.000000 0.000000
-0.000000 0.000000 0.000000
-0.000000 0.000000 0.000000
-2.959448 4.645401 0.000000
-2.955554 4.607537 0.000000
-2.968812 4.596619 0.000000
-2.982037 4.585672 0.000000
-2.987550 4.562970 0.000000
-4.420628 6.706051 0.000000
-4.435978 6.683911 0.000000
-4.449009 6.658411 0.000000
-4.467506 6.641193 0.000000
-3.121089 4.608591 0.000000
-3.132061 4.593889 0.000000
-3.147492 4.585749 0.000000
-3.168590 4.585790 0.000000
-0.000000 0.000000 0.000000
-0.000000 0.000000 0.000000
-0.000000 0.000000 0.000000
-0.000000 0.000000 0.000000
-0.000000 0.000000 0.000000
-0.000000 0.000000 0.000000
-0.000000 0.000000 0.000000
-0.000000 0.000000 0.000000
-0.000000 0.000000 0.000000
-0.000000 0.000000 0.000000
-0.000000 0.000000 0.000000
-0.000000 0.000000 0.000000
-0.000000 0.000000 0.000000
-0.000000 0.000000 0.000000
-0.000000 0.000000 0.000000
-0.000000 0.000000 0.000000
-0.000000 0.000000 0.000000
-0.000000 0.000000 0.000000
-0.000000 0.000000 0.000000
-0.000000 0.000000 0.000000
-0.000000 0.000000 0.000000
-0.000000 0.000000 0.000000
-0.000000 0.000000 0.000000
-0.000000 0.000000 0.000000
-0.000000 0.000000 0.000000
-0.000000 0.000000 0.000000
-0.000000 0.000000 0.000000
-0.000000 0.000000 0.000000
-0.000000 0.000000 0.000000
-0.000000 0.000000 0.000000
-0.000000 0.000000 0.000000
-0.000000 0.000000 0.000000
-0.000000 0.000000 0.000000
-0.000000 0.000000 0.000000
-0.000000 0.000000 0.000000
-0.000000 0.000000 0.000000
-0.000000 0.000000 0.000000
-0.000000 0.000000 0.000000
-0.000000 0.000000 0.000000
-0.000000 0.000000 0.000000
-0.000000 0.000000 0.000000
-0.000000 0.000000 0.000000
-0.000000 0.000000 0.000000
-0.000000 0.000000 0.000000
-0.000000 0.000000 0.000000
-0.000000 0.000000 0.000000
-0.000000 0.000000 0.000000
-0.000000 0.000000 0.000000
-0.000000 0.000000 0.000000
-0.000000 0.000000 0.000000
-0.000000 0.000000 0.000000
-0.000000 0.000000 0.000000
-0.000000 0.000000 0.000000
-0.000000 0.000000 0.000000
-0.000000 0.000000 0.000000
-0.000000 0.000000 0.000000
-0.000000 0.000000 0.000000
