-0.270505 -0.243564 0
-0.268511 -0.242788 0
-0.270963 -0.246039 0
-0.268969 -0.245258 0
-0.274355 -0.251224 0
-0.2753 -0.253152 0
-0.268892 -0.2483 0
-0.275704 -0.255662 0
-0.278095 -0.258965 0
-0.276091 -0.258181 0
-0.277008 -0.260128 0
-0.276463 -0.260707 0
-0.27882 -0.264036 0
-0.279716 -0.265998 0
-0.277712 -0.265202 0
-0.274269 -0.263014 0
-0.275158 -0.264976 0
-0.278916 -0.269722 0
-0.279785 -0.271699 0
-0.282079 -0.275077 0
-0.277215 -0.271469 0
-0.280924 -0.276256 0
-0.277499 -0.274033 0
-0.278344 -0.276022 0
-0.277766 -0.276605 0
-0.280014 -0.280014 0
-0.278016 -0.279183 0
-0.281655 -0.284025 0
-0.28106 -0.284614 0
-0.277659 -0.28235 0
-0.286862 -0.292934 0
-0.284851 -0.292102 0
-0.277272 -0.285524 0
-0.280845 -0.290417 0
-0.277461 -0.288124 0
-0.279626 -0.291591 0
-0.280396 -0.293623 0
-0.274267 -0.288412 0
-0.280539 -0.296247 0
-0.28129 -0.298289 0
-0.283403 -0.301793 0
-0.281404 -0.300925 0
-0.280773 -0.301514 0
-0.281501 -0.303568 0
-0.279507 -0.302687 0
-0.280227 -0.304744 0
-0.282289 -0.30828 0
-0.280295 -0.307393 0
-0.276962 -0.305018 0
-0.279005 -0.308565 0
-0.28505 -0.31658 0
-0.281716 -0.314198 0
-0.289049 -0.323738 0
-0.280397 -0.315375 0
-0.285039 -0.321951 0
-0.281719 -0.319547 0
-0.277091 -0.315628 0
-0.285643 -0.326748 0
-0.283645 -0.325837 0
-0.277722 -0.320385 0
-0.280971 -0.325508 0
-0.286807 -0.333679 0
-0.283506 -0.33124 0
-0.280217 -0.328789 0
-0.279528 -0.329375 0
-0.284001 -0.33607 0
-0.283297 -0.336664 0
-0.287729 -0.343389 0
-0.281884 -0.337848 0
-0.282454 -0.339976 0
-0.284291 -0.343649 0
-0.283571 -0.344244 0
-0.284118 -0.346383 0
-0.284657 -0.348526 0
-0.28645 -0.352225 0
-0.28697 -0.354379 0
-0.282461 -0.350308 0
-0.284231 -0.354018 0
-0.284738 -0.356175 0
-0.280254 -0.352076 0
-0.279516 -0.352662 0
-0.280016 -0.354817 0
-0.279273 -0.355402 0
-0.282225 -0.360712 0
-0.281469 -0.361302 0
-0.288066 -0.371373 0
-0.28362 -0.367227 0
-0.281631 -0.366235 0
-0.28208 -0.368412 0
-0.286158 -0.375364 0
-0.281743 -0.371183 0
-0.286994 -0.37975 0
-0.284996 -0.378752 0
-0.284202 -0.379348 0
-0.283407 -0.379943 0
-0.282611 -0.380535 0
-0.283002 -0.382735 0
-0.284571 -0.386548 0
-0.282579 -0.38553 0
-0.284129 -0.389352 0
-0.279786 -0.385092 0
-0.28484 -0.39378 0
-0.280508 -0.389507 0
-0.284353 -0.396595 0
-0.281198 -0.393934 0
-0.282689 -0.397782 0
-0.281855 -0.398374 0
-0.283324 -0.402233 0
-0.280184 -0.399551 0
-0.282781 -0.405056 0
-0.285357 -0.410575 0
-0.28222 -0.407882 0
-0.281365 -0.408472 0
-0.283903 -0.414009 0
-0.281907 -0.412951 0
-0.282166 -0.415194 0
-0.284658 -0.420754 0
-0.287128 -0.426326 0
-0.288462 -0.430249 0
-0.284229 -0.425861 0
-0.28555 -0.429787 0
-0.289062 -0.437057 0
-0.287047 -0.435991 0
-0.286133 -0.436591 0
-0.284125 -0.435515 0
-0.281034 -0.432754 0
-0.283384 -0.438381 0
-0.280301 -0.435609 0
-0.288018 -0.449669 0
-0.284925 -0.446898 0
-0.286132 -0.450871 0
-0.284118 -0.449778 0
-0.282111 -0.448679 0
-0.283293 -0.45266 0
-0.284459 -0.456647 0
-0.288772 -0.465741 0
-0.284645 -0.461239 0
-0.281584 -0.458426 0
-0.284797 -0.46584 0
-0.28382 -0.466435 0
-0.283879 -0.46874 0
-0.282896 -0.469333 0
-0.283971 -0.473355 0
-0.286054 -0.4791 0
-0.286072 -0.481417 0
-0.284045 -0.480294 0
-0.285067 -0.484335 0
-0.286074 -0.488383 0
-0.290087 -0.49762 0
-0.283022 -0.487847 0
-0.286 -0.495367 0
-0.282969 -0.492496 0
-0.279952 -0.489615 0
-0.28486 -0.50063 0
-0.283811 -0.501226 0
-0.281779 -0.500077 0
-0.283665 -0.505899 0
-0.284554 -0.509985 0
-0.285427 -0.514077 0
-0.287251 -0.519926 0
-0.281344 -0.511763 0
-0.285071 -0.521124 0
-0.28111 -0.51645 0
-0.281933 -0.520555 0
-0.283689 -0.526426 0
-0.284476 -0.530545 0
-0.282422 -0.529375 0
-0.282251 -0.531732 0
-0.284873 -0.539396 0
-0.283742 -0.539991 0
-0.283537 -0.542357 0
-0.284246 -0.546498 0
-0.28402 -0.548868 0
-0.285617 -0.554797 0
-0.286277 -0.558954 0
-0.285106 -0.559552 0
-0.281221 -0.554796 0
-0.281859 -0.558956 0
-0.280688 -0.559545 0
-0.28398 -0.569079 0
-0.285456 -0.575047 0
-0.285136 -0.577437 0
-0.284808 -0.579828 0
-0.281837 -0.576829 0
-0.284125 -0.584613 0
-0.28203 -0.583407 0
-0.280807 -0.583996 0
-0.281309 -0.588191 0
-0.283513 -0.596004 0
-0.280554 -0.59298 0
-0.284421 -0.604424 0
-0.28485 -0.608642 0
-0.28273 -0.607424 0
-0.285658 -0.617089 0
-0.284365 -0.617686 0
-0.286401 -0.625554 0
-0.283433 -0.622513 0
-0.283778 -0.626749 0
-0.28575 -0.634636 0
-0.28442 -0.635233 0
-0.285529 -0.641309 0
-0.287424 -0.649221 0
-0.285258 -0.647991 0
-0.285504 -0.652251 0
-0.285734 -0.656515 0
-0.281975 -0.651606 0
-0.285352 -0.663218 0
-0.283963 -0.663814 0
-0.285703 -0.671769 0
-0.284295 -0.672366 0
-0.286762 -0.682179 0
-0.28379 -0.679087 0
-0.283902 -0.683374 0
-0.286287 -0.69321 0
-0.281796 -0.686407 0
-0.286403 -0.70181 0
-0.284933 -0.702408 0
-0.290192 -0.719697 0
-0.285708 -0.712878 0
-0.287915 -0.722765 0
-0.287873 -0.727085 0
-0.287815 -0.731409 0
-0.285554 -0.730147 0
-0.287647 -0.740065 0
-0.283934 -0.735068 0
-0.286694 -0.746864 0
-0.285842 -0.749332 0
-0.287817 -0.75928 0
-0.285521 -0.758009 0
-0.287438 -0.767971 0
-0.289315 -0.777944 0
-0.285605 -0.77292 0
-0.284675 -0.775394 0
-0.284421 -0.779746 0
-0.282106 -0.77846 0
-0.283862 -0.788458 0
-0.283557 -0.792817 0
-0.288592 -0.812255 0
-0.284894 -0.8072 0
-0.287172 -0.819119 0
-0.286114 -0.821607 0
-0.287008 -0.829765 0
-0.28397 -0.826582 0
-0.287405 -0.842317 0
-0.283714 -0.837235 0
-0.283236 -0.841618 0
-0.284008 -0.849797 0
-0.284118 -0.856085 0
-0.283576 -0.860477 0
-0.284261 -0.868672 0
-0.282442 -0.869266 0
-0.282462 -0.875566 0
-0.280628 -0.876155 0
-0.284247 -0.893895 0
-0.283578 -0.898302 0
-0.281098 -0.896986 0
-0.283378 -0.910941 0
-0.282649 -0.915354 0
-0.283662 -0.925505 0
-0.285798 -0.939491 0
-0.282673 -0.936258 0
-0.286452 -0.956007 0
-0.287299 -0.96619 0
-0.286973 -0.972544 0
-0.28887 -0.986579 0
-0.287919 -0.991023 0
-0.284181 -0.985859 0
-0.286515 -1.00183 0
-0.285508 -1.00628 0
-0.285025 -1.01265 0
-0.286669 -1.02673 0
-0.283984 -1.0254 0
-0.286074 -1.04142 0
-0.284418 -1.04395 0
-0.285882 -1.05806 0
-0.285219 -1.06445 0
-0.285557 -1.07471 0
-0.285343 -1.08304 0
-0.284085 -1.08751 0
-0.283311 -1.09391 0
-0.284999 -1.11 0
-0.286126 -1.12416 0
-0.284261 -1.12669 0
-0.285782 -1.14281 0
-0.28435 -1.14729 0
-0.287194 -1.16925 0
-0.286637 -1.17762 0
-0.285108 -1.1821 0
-0.287745 -1.2041 0
-0.285222 -1.2047 0
-0.279958 -1.19361 0
-0.266595 -1.14744 0
-0.262397 -1.1402 0
-0.25823 -1.13294 0
-0.255857 -1.13348 0
-0.253046 -1.13206 0
-0.24981 -1.12869 0
-0.247874 -1.13116 0
-0.244232 -1.12581 0
-0.245233 -1.14197 0
-0.23993 -1.12878 0
-0.237977 -1.13124 0
-0.238053 -1.14348 0
-0.231622 -1.12439 0
-0.231664 -1.13663 0
-0.228097 -1.13123 0
-0.225727 -1.13171 0
-0.222582 -1.12825 0
-0.219835 -1.12675 0
-0.218612 -1.1331 0
-0.215489 -1.12963 0
-0.213863 -1.13401 0
-0.212221 -1.13839 0
-0.208024 -1.129 0
-0.204943 -1.12549 0
-0.205064 -1.1397 0
-0.203727 -1.14603 0
-0.199942 -1.13858 0
-0.197557 -1.13899 0
-0.19686 -1.14926 0
-0.194119 -1.1477 0
-0.193032 -1.15599 0
-0.192888 -1.17021 0
-0.191721 -1.17851 0
-0.187984 -1.17101 0
-0.186157 -1.17535 0
-0.185547 -1.18759 0
-0.185801 -1.20577 0
-0 -0 0
-0 -0 0
-0 -0 0
-0 -0 0
-0 -0 0
-0 -0 0
-0 -0 0
-0 -0 0
-0 -0 0
-0 -0 0
-0 -0 0
-0 -0 0
-0 -0 0
-0 -0 0
-0 -0 0
-0 -0 0
-0 -0 0
-0 -0 0
-0 -0 0
-0 -0 0
-0 -0 0
-0 -0 0
-0.194632 -1.8518 0
-0.193007 -1.87409 0
-0 -0 0
-0 -0 0
-0 -0 0
-0 -0 0
-0 -0 0
-0 -0 0
-0 -0 0
-0 -0 0
-0 -0 0
-0 -0 0
-0.165684 -2.0774 0
-0.161643 -2.08173 0
-0.156981 -2.07808 0
-0.152921 -2.08239 0
-0.148275 -2.07872 0
-0.144197 -2.08301 0
-0.139834 -2.08331 0
-0.135341 -2.0816 0
-0.131232 -2.08588 0
-0.126499 -2.08016 0
-0.122377 -2.08441 0
-0.117898 -2.08267 0
-0.113318 -2.07891 0
-0.108754 -2.07515 0
-0.104709 -2.08137 0
-0.100253 -2.07958 0
-0.0961741 -2.08578 0
-0.0918054 -2.08598 0
-0.0870176 -2.07618 0
-0.0829873 -2.08435 0
-0.0785463 -2.08252 0
-0.0740422 -2.07868 0
-0.0696884 -2.07883 0
-0.06546 -2.08297 0
-0.0610387 -2.0811 0
-0.0567888 -2.08523 0
-0.0523711 -2.08334 0
-0.0480537 -2.08545 0
-0 -0 0
-0.0448216 -2.37758 0
-0.0401435 -2.39566 0
-0.0349207 -2.38174 0
-0.0301082 -2.39581 0
-0.0250485 -2.39187 0
-0.0200222 -2.38992 0
-0.015067 -2.39795 0
-0.00999442 -2.38598 0
-0.00501817 -2.39599 0
-1.63595e-14 -2.398 0
0.00499722 -2.38599 0
0.0100112 -2.38998 0
0.0150544 -2.39595 0
0.0200389 -2.39192 0
0.0251113 -2.39787 0
0.0301836 -2.40181 0
0.0350673 -2.39174 0
0.0401435 -2.39566 0
0.0451232 -2.39357 0
0.0500524 -2.38948 0
0.0551028 -2.39137 0
0.0601614 -2.39324 0
0.0651737 -2.39311 0
0.0698925 -2.38298 0
0.075323 -2.39682 0
0.0802087 -2.39266 0
0.0851485 -2.39048 0
0 -0 0
0 -0 0
0.241874 -5.77093 0
0.254136 -5.77441 0
0.266229 -5.77387 0
0.278225 -5.7713 0
0.290714 -5.77869 0
0.302711 -5.77607 0
0.31557 -5.78941 0
0.327468 -5.78474 0
0.339349 -5.78005 0
0.351697 -5.78332 0
0.363557 -5.77857 0
0.37527 -5.77181 0
0.387625 -5.77501 0
0.399996 -5.77817 0
0.411243 -5.76535 0
0.424782 -5.78442 0
0.437347 -5.78951 0
0.448698 -5.77861 0
0.460481 -5.77367 0
0.473389 -5.78266 0
0.485164 -5.77767 0
0.49795 -5.78461 0
0.510415 -5.78754 0
0.521277 -5.77251 0
0.530053 -5.73556 0
0 -0 0
0 -0 0
0 -0 0
0.534326 -5.29712 0
0.537428 -5.2184 0
0.550029 -5.23317 0
0.563973 -5.25985 0
0 -0 0
0.737541 -6.61702 0
0.750946 -6.61149 0
0.766171 -6.62182 0
0.780506 -6.62418 0
0.793664 -6.61657 0
0.808004 -6.61886 0
0.823344 -6.62907 0
0.836223 -6.61939 0
0 -0 0
0 -0 0
2.28054 -17.1833 0
2.28685 -16.9585 0
2.27758 -16.6267 0
2.27878 -16.3803 0
2.28762 -16.1952 0
2.28094 -15.9073 0
2.28977 -15.7343 0
2.27773 -15.4247 0
2.28603 -15.2597 0
2.28223 -15.0196 0
2.2753 -14.7657 0
2.28646 -14.6345 0
2.27956 -14.3926 0
2.28149 -14.212 0
2.28588 -14.0513 0
2.28928 -13.8886 0
2.26895 -13.5879 0
2.27906 -13.4746 0
2.28499 -13.3397 0
2.28968 -13.2009 0
2.28861 -13.0326 0
2.2907 -12.886 0
2.29041 -12.7296 0
2.28769 -12.5634 0
2.28863 -12.4209 0
2.27835 -12.2214 0
2.28393 -12.1105 0
2.28718 -11.9898 0
2.28841 -11.8613 0
2.28912 -11.7328 0
2.28621 -11.5886 0
2.287 -11.4661 0
2.28927 -11.3535 0
2.29227 -11.2468 0
2.28879 -11.1107 0
2.28882 -10.9943 0
2.29002 -10.8857 0
2.28869 -10.7674 0
2.28814 -10.6551 0
2.2884 -10.5486 0
2.29251 -10.4618 0
2.29367 -10.3632 0
2.29138 -10.251 0
2.2873 -10.1331 0
2.28229 -10.0132 0
2.28397 -9.92458 0
2.2871 -9.8438 0
2.28625 -9.74747 0
2.28961 -9.67065 0
2.29266 -9.59386 0
2.2954 -9.5171 0
2.29404 -9.42483 0
2.29088 -9.32677 0
2.28972 -9.23848 0
2.29111 -9.16188 0
2.29121 -9.08143 0
2.29 -8.99714 0
2.29143 -8.92453 0
2.29156 -8.84807 0
2.28936 -8.76391 0
2.28784 -8.68367 0
2.2901 -8.61894 0
2.28693 -8.53492 0
2.28654 -8.46253 0
2.28848 -8.39984 0
2.28965 -8.33524 0
2.29109 -8.2726 0
2.29012 -8.20229 0
2.28725 -8.12625 0
2.29116 -8.07526 0
2.28662 -7.99545 0
2.28286 -7.91954 0
2.28438 -7.86288 0
2.28398 -7.8005 0
2.28673 -7.74966 0
2.28756 -7.6931 0
2.28588 -7.6289 0
2.28566 -7.57048 0
2.28871 -7.52358 0
2.28629 -7.4595 0
2.2848 -7.39927 0
2.28544 -7.34673 0
2.28706 -7.29803 0
2.2885 -7.24936 0
2.28792 -7.19499 0
2.29017 -7.15019 0
2.2904 -7.09969 0
2.29352 -7.05874 0
2.29151 -7.0026 0
2.30241 -6.98639 0
2.28995 -6.89993 0
2.28982 -6.85149 0
2.28758 -6.79739 0
2.28961 -6.7566 0
2.28567 -6.69879 0
2.28605 -6.65427 0
2.28756 -6.61355 0
2.28628 -6.5653 0
2.28878 -6.52842 0
2.28514 -6.47457 0
2.28731 -6.43773 0
2.29069 -6.40468 0
2.29529 -6.37541 0
2.29228 -6.32546 0
2.29319 -6.28682 0
2.29325 -6.24634 0
2.29316 -6.20587 0
2.2936 -6.16732 0
2.29179 -6.12316 0
2.28981 -6.07905 0
2.28977 -6.04057 0
2.29315 -6.01147 0
2.28997 -5.96558 0
2.28949 -5.92719 0
2.28813 -5.88696 0
2.29317 -5.86353 0
2.29446 -5.8308 0
2.29489 -5.79623 0
2.29444 -5.75982 0
2.29311 -5.72159 0
2.29761 -5.69822 0
2.29675 -5.66189 0
2.295 -5.62374 0
2.29918 -5.60042 0
2.29564 -5.55862 0
2.29423 -5.5224 0
2.29345 -5.48806 0
2.29332 -5.45559 0
2.29461 -5.42682 0
2.29502 -5.39624 0
2.29294 -5.36016 0
2.29626 -5.33698 0
2.29472 -5.30279 0
2.29944 -5.2833 0
2.30167 -5.25832 0
2.29898 -5.22237 0
2.29615 -5.18645 0
2.29644 -5.15788 0
2.29334 -5.12203 0
2.28846 -5.08256 0
2.2925 -5.06318 0
2.29398 -5.03835 0
2.29287 -5.00807 0
2.29416 -4.98328 0
2.29367 -4.95486 0
2.29222 -4.92467 0
2.2966 -4.90717 0
2.2924 -4.87159 0
2.29233 -4.84508 0
2.29216 -4.8186 0
2.29189 -4.79214 0
2.28893 -4.76029 0
2.29106 -4.73928 0
2.29311 -4.71828 0
2.29245 -4.6919 0
2.29081 -4.66375 0
2.2926 -4.64281 0
2.2872 -4.60754 0
2.29328 -4.59558 0
2.28855 -4.56217 0
2.29179 -4.54486 0
2.29317 -4.524 0
2.29084 -4.49602 0
2.2966 -4.48409 0
2.295 -4.45793 0
2.2979 -4.44068 0
2.29243 -4.40747 0
2.29424 -4.38848 0
2.29133 -4.36065 0
2.29299 -4.34169 0
2.29458 -4.32275 0
2.29798 -4.30735 0
2.29187 -4.27432 0
2.29513 -4.25895 0
2.29261 -4.23303 0
2.29382 -4.21416 0
2.28825 -4.18303 0
2.28737 -4.1607 0
2.28737 -4.14015 0
2.28827 -4.12136 0
2.29105 -4.10608 0
2.29378 -4.09081 0
2.28859 -4.0616 0
2.29512 -4.05332 0
2.29767 -4.03807 0
2.30116 -4.02457 0
2.29763 -3.99893 0
2.297 -3.97852 0
2.29931 -3.96332 0
2.30559 -3.95504 0
2.29365 -3.91569 0
2.29576 -3.90054 0
2.29883 -3.88711 0
2.29777 -3.86681 0
2.30074 -3.85341 0
2.30057 -3.83486 0
2.30034 -3.81633 0
2.30418 -3.80466 0
2.29967 -3.77932 0
2.29819 -3.75914 0
2.29978 -3.74409 0
2.30132 -3.72906 0
2.30174 -3.71233 0
2.30211 -3.69562 0
2.30242 -3.67892 0
2.30373 -3.66393 0
2.30179 -3.64388 0
2.30513 -3.6323 0
2.30413 -3.61397 0
2.29983 -3.59061 0
2.30301 -3.57906 0
2.29856 -3.55575 0
2.29947 -3.54087 0
2.29813 -3.52264 0
2.30112 -3.51113 0
2.30737 -3.50463 0
2.29816 -3.47477 0
2.2999 -3.46162 0
2.30492 -3.45347 0
2.2999 -3.43036 0
2.30037 -3.41558 0
2.29856 -3.39751 0
2.29892 -3.38276 0
2.29924 -3.36803 0
2.30063 -3.35496 0
2.30311 -3.34354 0
2.30214 -3.3272 0
2.30112 -3.31087 0
2.30118 -3.29621 0
2.30578 -3.28811 0
2.30229 -3.26855 0
2.3022 -3.25393 0
2.29859 -3.23443 0
2.29955 -3.22147 0
2.30163 -3.21014 0
2.30133 -3.19558 0
2.30216 -3.18265 0
2.30177 -3.16811 0
2.29543 -3.14551 0
2.30083 -3.13908 0
2.30028 -3.12459 0
2.29731 -3.1069 0
2.29904 -3.09566 0
2.30433 -3.08924 0
2.3012 -3.0716 0
2.30161 -3.05878 0
2.30078 -3.04438 0
2.29869 -3.02841 0
2.3026 -3.0204 0
2.29798 -3.00128 0
2.3006 -2.99171 0
2.30319 -2.98213 0
2.30576 -2.97256 0
2.30214 -2.95511 0
2.30093 -2.94083 0
2.30709 -2.936 0
2.29836 -2.91232 0
2.29576 -2.89653 0
2.30307 -2.89328 0
2.30038 -2.87752 0
2.29764 -2.86178 0
2.30488 -2.85851 0
2.30205 -2.8428 0
2.30043 -2.82866 0
2.30002 -2.81609 0
2.29831 -2.80199 0
2.30163 -2.79408 0
2.29728 -2.77693 0
2.30309 -2.77211 0
2.29736 -2.75346 0
2.29541 -2.73945 0
2.30114 -2.73463 0
2.3017 -2.7237 0
2.29705 -2.70667 0
2.30012 -2.69881 0
2.30316 -2.69095 0
2.29837 -2.67398 0
2.30004 -2.66462 0
2.29776 -2.65073 0
2.29936 -2.64139 0
2.30094 -2.63205 0
2.29985 -2.61971 0
2.30269 -2.61189 0
2.30285 -2.60107 0
2.30298 -2.59026 0
2.30174 -2.57797 0
2.30847 -2.57464 0
2.3085 -2.56385 0
2.30448 -2.54862 0
2.30846 -2.54231 0
2.31109 -2.53452 0
2.30829 -2.52082 0
2.30409 -2.50567 0
2.3039 -2.49497 0
2.2996 -2.47987 0
2.30207 -2.47212 0
2.29768 -2.45707 0
2.30829 -2.45808 0
2.30246 -2.4416 0
2.30344 -2.43242 0
2.30715 -2.42614 0
2.30809 -2.41696 0
2.30622 -2.40491 0
2.30154 -2.38999 0
2.30376 -2.38228 0
2.30178 -2.37028 0
2.30534 -2.36402 0
2.30329 -2.35204 0
2.30401 -2.34294 0
2.30188 -2.33099 0
2.30957 -2.32901 0
2.30739 -2.31708 0
2.29951 -2.29951 0
2.30291 -2.29328 0
2.30912 -2.28986 0
2.30253 -2.27378 0
2.30586 -2.26755 0
2.3006 -2.25292 0
2.30675 -2.24949 0
2.29711 -2.23072 0
2.30033 -2.22451 0
2.30643 -2.22108 0
2.29808 -2.20378 0
2.30414 -2.20035 0
2.3015 -2.18863 0
2.30027 -2.1783 0
2.30774 -2.17622 0
2.29917 -2.15906 0
2.30222 -2.15288 0
2.30087 -2.1426 0
2.29949 -2.13233 0
2.30101 -2.1248 0
2.30251 -2.11727 0
2.30252 -2.10839 0
2.29806 -2.09548 0
2.30244 -2.09066 0
2.30088 -2.08047 0
2.30226 -2.07297 0
2.29766 -2.06013 0
2.29451 -2.04865 0
2.30179 -2.0465 0
2.2911 -2.02842 0
2.29834 -2.02626 0
2.30108 -2.02012 0
2.29627 -2.0074 0
2.29594 -1.99865 0
2.2971 -1.99121 0
2.30278 -1.98771 0
2.3039 -1.98027 0
2.29893 -1.96764 0
2.3 -1.96022 0
2.298 -1.95023 0
2.30055 -1.94412 0
2.30615 -1.94058 0
2.31174 -1.93703 0
2.30505 -1.92322 0
2.30291 -1.91327 0
2.30538 -1.90717 0
2.30319 -1.89725 0
2.30097 -1.88735 0
2.30337 -1.88126 0
2.29955 -1.87013 0
2.30346 -1.86531 0
2.29802 -1.85294 0
2.30346 -1.84938 0
2.30264 -1.84081 0
2.30179 -1.83224 0
2.29622 -1.81996 0
2.29375 -1.81019 0
2.29911 -1.80662 0
2.30131 -1.80057 0
2.29719 -1.7896 0
2.29935 -1.78356 0
2.29833 -1.77507 0
2.2957 -1.76538 0
2.30257 -1.763 0
2.30308 -1.75575 0
2.29879 -1.74487 0
2.30722 -1.74367 0
2.30128 -1.73162 0
2.3017 -1.7244 0
2.3021 -1.71718 0
2.30087 -1.70878 0
2.29962 -1.70039 0
2.30318 -1.69557 0
2.29705 -1.68365 0
2.30542 -1.68237 0
2.30084 -1.67166 0
2.3011 -1.66449 0
2.29809 -1.655 0
2.29667 -1.64668 0
2.29686 -1.63955 0
2.29866 -1.63357 0
2.30208 -1.62875 0
2.30221 -1.62163 0
2.30233 -1.6145 0
2.30079 -1.60624 0
2.29593 -1.59572 0
2.30585 -1.59545 0
2.29766 -1.58268 0
2.29767 -1.5756 0
2.30096 -1.57079 0
2.29763 -1.56147 0
2.30255 -1.55777 0
2.30249 -1.55071 0
2.30407 -1.54477 0
2.30065 -1.5355 0
2.30053 -1.52847 0
2.30206 -1.52254 0
2.30357 -1.51662 0
2.3034 -1.5096 0
2.29818 -1.49931 0
2.29796 -1.49231 0
2.30108 -1.48749 0
2.30587 -1.48375 0
2.30055 -1.47353 0
2.2952 -1.46333 0
2.29657 -1.45745 0
2.30131 -1.4537 0
2.30266 -1.44782 0
2.30399 -1.44193 0
2.307 -1.4371 0
2.30831 -1.43121 0
2.29769 -1.41797 0
2.30235 -1.4142 0
2.3036 -1.40833 0
2.2963 -1.39727 0
2.30435 -1.39556 0
2.30384 -1.38867 0
2.3016 -1.38076 0
2.30105 -1.37388 0
2.29877 -1.36599 0
2.30507 -1.36321 0
2.30102 -1.35432 0
2.3004 -1.34748 0
2.30149 -1.34165 0
2.30257 -1.33583 0
2.30016 -1.328 0
2.29947 -1.32119 0
2.3005 -1.31538 0
2.29803 -1.30759 0
2.30077 -1.30277 0
2.29652 -1.29402 0
2.29748 -1.28823 0
2.30017 -1.28342 0
2.30286 -1.2786 0
2.30203 -1.27184 0
2.30118 -1.26509 0
2.30032 -1.25834 0
2.29943 -1.25161 0
2.31084 -1.25155 0
2.30642 -1.24292 0
2.30373 -1.23525 0
2.30454 -1.22948 0
2.30358 -1.22277 0
2.29906 -1.21421 0
2.3016 -1.20939 0
2.30413 -1.20457 0
2.3031 -1.1979 0
2.30027 -1.19031 0
2.30987 -1.18915 0
2.29812 -1.17702 0
2.30414 -1.17402 0
2.31195 -1.1719 0
2.30368 -1.16166 0
2.30075 -1.15414 0
2.29958 -1.14753 0
2.30735 -1.14538 0
2.30078 -1.13612 0
2.30675 -1.13306 0
2.29833 -1.12296 0
2.29888 -1.11727 0
2.30121 -1.11245 0
2.30534 -1.1085 0
2.30405 -1.10194 0
2.30635 -1.09711 0
2.30503 -1.09057 0
2.30007 -1.08233 0
2.30414 -1.07836 0
2.30458 -1.07269 0
2.30683 -1.06786 0
2.30361 -1.06052 0
2.29491 -1.05069 0
2.29893 -1.04671 0
2.29565 -1.03942 0
2.29782 -1.03461 0
2.31094 -1.0347 0
2.30762 -1.02742 0
2.30245 -1.01934 0
2.30092 -1.01291 0
2.29387 -1.00408 0
2.30147 -1.00166 0
2.3054 -0.997636 0
2.29646 -0.988062 0
2.29853 -0.98325 0
2.29874 -0.977651 0
2.30078 -0.972835 0
2.29544 -0.964914 0
2.30115 -0.961646 0
2.29392 -0.952988 0
2.307 -0.952762 0
2.29974 -0.944131 0
2.29616 -0.937045 0
2.30738 -0.935993 0
2.30192 -0.928167 0
2.29643 -0.920367 0
2.30021 -0.916296 0
2.30585 -0.912949 0
2.29473 -0.902991 0
2.29847 -0.898911 0
2.30408 -0.895545 0
2.29662 -0.887114 0
2.30408 -0.884452 0
2.29658 -0.87606 0
2.30402 -0.873375 0
2.29836 -0.865728 0
2.30017 -0.860912 0
2.29822 -0.854699 0
2.29812 -0.84919 0
2.29614 -0.842997 0
2.3073 -0.841613 0
2.29401 -0.831327 0
2.30139 -0.828553 0
2.29559 -0.821037 0
2.29354 -0.814888 0
2.3009 -0.81208 0
2.29882 -0.805936 0
2.29672 -0.799804 0
2.30217 -0.796299 0
2.30384 -0.791476 0
2.29981 -0.784711 0
2.29766 -0.778609 0
2.30497 -0.775709 0
2.299 -0.768344 0
2.30441 -0.764787 0
2.3003 -0.758081 0
2.29808 -0.752018 0
2.29775 -0.746585 0
2.29741 -0.741157 0
2.29895 -0.736344 0
2.3024 -0.732133 0
2.2963 -0.724901 0
2.30163 -0.721286 0
2.2974 -0.714682 0
2.29698 -0.709279 0
2.30611 -0.706811 0
2.29994 -0.699651 0
2.29948 -0.694254 0
2.29327 -0.687141 0
2.30429 -0.685186 0
2.29613 -0.677529 0
2.30138 -0.673842 0
2.29318 -0.666231 0
2.29842 -0.662534 0
2.29787 -0.657169 0
2.30694 -0.654539 0
2.30446 -0.648622 0
2.30196 -0.642718 0
2.29944 -0.636828 0
2.29884 -0.631481 0
2.30209 -0.627191 0
2.30147 -0.621846 0
2.29697 -0.615472 0
2.30212 -0.611687 0
2.29566 -0.604826 0
2.30273 -0.601533 0
2.29043 -0.593199 0
2.29748 -0.589892 0
2.3084 -0.587546 0
2.30381 -0.581242 0
2.29144 -0.573019 0
2.29458 -0.5687 0
2.29188 -0.562939 0
2.29888 -0.559557 0
2.29421 -0.553334 0
2.29537 -0.548528 0
2.30235 -0.545101 0
2.28986 -0.537081 0
2.29293 -0.532737 0
2.30183 -0.529728 0
2.29709 -0.523572 0
2.30013 -0.5192 0
2.29731 -0.513509 0
2.30424 -0.509993 0
2.28967 -0.501741 0
2.29267 -0.497369 0
2.29566 -0.492986 0
2.29082 -0.486929 0
2.30749 -0.485424 0
2.2948 -0.477737 0
2.30363 -0.474544 0
2.29874 -0.46852 0
2.2958 -0.462913 0
2.29872 -0.458495 0
2.3036 -0.454454 0
2.30651 -0.450011 0
2.29174 -0.442149 0
2.30445 -0.439597 0
2.29947 -0.433657 0
2.2984 -0.428474 0
2.29733 -0.423297 0
2.30214 -0.419201 0
2.30302 -0.414378 0
2.30388 -0.409554 0
2.29882 -0.40369 0
2.29572 -0.398191 0
2.29852 -0.39372 0
2.30526 -0.389905 0
2.29423 -0.3831 0
2.29898 -0.378945 0
2.30174 -0.37445 0
2.29857 -0.368994 0
2.30131 -0.364492 0
2.29219 -0.358128 0
2.29887 -0.35424 0
2.30554 -0.350326 0
2.30824 -0.345793 0
2.29709 -0.339205 0
2.30571 -0.335545 0
2.30443 -0.330431 0
2.2972 -0.324485 0
2.29787 -0.319673 0
2.29655 -0.314589 0
2.29324 -0.309244 0
2.29587 -0.304703 0
2.30443 -0.30093 0
2.29316 -0.294574 0
2.29179 -0.28952 0
2.29437 -0.284966 0
2.29893 -0.280645 0
2.29554 -0.275353 0
2.30406 -0.27148 0
2.29668 -0.265735 0
2.29723 -0.260924 0
2.29976 -0.256334 0
2.2983 -0.251299 0
2.30479 -0.247125 0
2.30132 -0.241879 0
2.3058 -0.237468 0
2.30033 -0.232036 0
2.29484 -0.226628 0
2.29929 -0.222206 0
2.29577 -0.217014 0
2.3002 -0.212573 0
2.29267 -0.207036 0
2.29509 -0.202409 0
2.2995 -0.197945 0
2.29592 -0.192794 0
2.29433 -0.187822 0
2.30269 -0.183652 0
2.2931 -0.178055 0
2.30543 -0.174156 0
2.29781 -0.168741 0
2.30215 -0.164213 0
2.30848 -0.159805 0
2.29484 -0.154032 0
2.29915 -0.149485 0
2.29945 -0.144669 0
2.30175 -0.139974 0
2.30403 -0.135271 0
2.30032 -0.130219 0
2.30058 -0.125401 0
2.29086 -0.120059 0
2.29909 -0.115662 0
0 -0 0
0 -0 0
0 -0 0
0 -0 0
1.49482 -0.0595154 0
1.48894 -0.0561584 0
1.47906 -0.0526838 0
1.47717 -0.049519 0
1.46927 -0.0461738 0
1.47736 -0.043331 0
1.47745 -0.0402367 0
1.48753 -0.0373936 0
1.48361 -0.0341859 0
1.49367 -0.031288 0
0 -0 0
0 -0 0
0 -0 0
0 -0 0
0 -0 0
2.29392 -0.0192179 0
2.29595 -0.0144261 0
2.29598 -0.00961743 0
2.29399 -0.00480454 0
2.292 2.65278e-14 0
2.298 0.00481292 0
2.29798 0.00962581 0
2.29995 0.0144512 0
2.30392 0.0193017 0
2.29587 0.0240432 0
2.30782 0.0290024 0
2.30175 0.0337479 0
2.30968 0.0387026 0
2.29759 0.0433137 0
2.30949 0.048377 0
2.30539 0.0531217 0
2.29727 0.057749 0
2.29315 0.0624513 0
2.29501 0.0673126 0
2.30486 0.0724332 0
2.29871 0.0770593 0
2.30254 0.0820159 0
2.30436 0.0869136 0
2.30617 0.0918192 0
2.29998 0.0963978 0
2.30577 0.101478 0
2.30955 0.106492 0
2.31132 0.111425 0
2.30309 0.115863 0
2.30683 0.120896 0
2.29659 0.125183 0
2.3123 0.130897 0
2.29605 0.134802 0
2.30574 0.140217 0
2.29546 0.144418 0
2.29715 0.149355 0
2.30082 0.154434 0
2.30249 0.159391 0
2.30215 0.164213 0
2.29981 0.168887 0
2.29745 0.173553 0
2.30506 0.178984 0
2.2987 0.183334 0
2.29632 0.187985 0
2.29791 0.192961 0
2.29551 0.197602 0
2.29509 0.202409 0
2.29865 0.207575 0
2.31016 0.213493 0
2.30373 0.217767 0
2.29929 0.222206 0
2.29484 0.226628 0
2.30431 0.232438 0
2.30183 0.237058 0
2.30132 0.241879 0
2.29683 0.246272 0
2.2983 0.251299 0
2.29578 0.255891 0
2.30518 0.261827 0
2.30264 0.266424 0
2.30009 0.271012 0
2.29952 0.275829 0
2.29496 0.28016 0
2.30231 0.285952 0
2.30171 0.290773 0
2.30109 0.295593 0
2.30443 0.30093 0
2.29785 0.304966 0
2.30514 0.310847 0
2.3025 0.315403 0
2.29985 0.319949 0
2.30512 0.325604 0
2.30245 0.330148 0
2.30373 0.335257 0
2.29907 0.339497 0
2.30033 0.344608 0
2.30751 0.350627 0
2.3048 0.355154 0
2.308 0.360598 0
2.30131 0.364492 0
2.30252 0.369628 0
2.29977 0.374129 0
2.3049 0.37992 0
2.29818 0.383759 0
2.2954 0.388238 0
2.29852 0.39372 0
2.29769 0.398533 0
2.30473 0.404728 0
2.30191 0.409204 0
2.30105 0.414024 0
2.30214 0.419201 0
2.3052 0.424746 0
2.30233 0.429207 0
2.30143 0.434028 0
2.30248 0.439222 0
2.30352 0.444422 0
2.30455 0.449629 0
2.30556 0.454841 0
2.29872 0.458495 0
2.29972 0.463704 0
2.30658 0.470117 0
2.30363 0.474544 0
2.29872 0.478552 0
2.29575 0.482954 0
2.30452 0.48984 0
2.29762 0.493406 0
2.29658 0.498217 0
2.29553 0.503026 0
2.30228 0.509561 0
2.29926 0.513945 0
2.29818 0.51876 0
2.29904 0.524016 0
2.29599 0.528382 0
2.30072 0.534547 0
2.30349 0.540278 0
2.30624 0.546023 0
2.29537 0.548528 0
2.2981 0.554272 0
2.29694 0.559084 0
2.30742 0.566755 0
2.29846 0.569662 0
2.2992 0.57496 0
2.30187 0.580753 0
2.30065 0.585573 0
2.3091 0.592877 0
2.30011 0.595706 0
2.30273 0.601533 0
2.30727 0.607883 0
2.30019 0.611173 0
2.30663 0.61806 0
2.3034 0.622368 0
2.30402 0.627716 0
2.30463 0.63307 0
2.29559 0.635761 0
2.30196 0.642718 0
2.30253 0.64808 0
2.30502 0.653993 0
2.29595 0.656619 0
2.30418 0.664196 0
2.29894 0.667905 0
2.31289 0.677214 0
2.30188 0.679227 0
2.29662 0.682906 0
2.30093 0.689437 0
2.30523 0.695989 0
2.30185 0.700233 0
2.3042 0.706225 0
2.30463 0.711639 0
2.30504 0.717058 0
2.29972 0.720688 0
2.30202 0.726707 0
2.30621 0.733345 0
2.29705 0.735734 0
2.30883 0.744841 0
2.30726 0.749675 0
2.30379 0.753884 0
2.3003 0.758081 0
2.29871 0.762897 0
2.3028 0.769612 0
2.30308 0.775071 0
2.30524 0.781177 0
2.3017 0.785357 0
2.30194 0.790826 0
2.30217 0.796299 0
2.30428 0.802435 0
2.30637 0.808582 0
2.30278 0.812745 0
2.29919 0.816897 0
2.30312 0.823731 0
2.30328 0.82923 0
2.31094 0.83746 0
2.30918 0.842298 0
2.30553 0.846443 0
2.30563 0.851963 0
2.30384 0.85679 0
2.3114 0.865119 0
2.30772 0.869253 0
2.30776 0.874793 0
2.30592 0.879624 0
2.31155 0.887319 0
2.30222 0.889276 0
2.30035 0.894096 0
2.29847 0.898911 0
2.30403 0.906653 0
2.30399 0.912213 0
2.29835 0.915556 0
2.30571 0.924088 0
2.30006 0.927419 0
2.30553 0.935241 0
2.30727 0.941579 0
2.30899 0.947929 0
2.30885 0.953526 0
2.29946 0.95529 0
2.30299 0.962418 0
2.29913 0.966464 0
2.30447 0.974393 0
2.3061 0.980782 0
2.3022 0.984824 0
2.29646 0.988062 0
2.29989 0.995253 0
2.2978 1.00007 0
2.30486 1.00889 0
2.30458 1.01452 0
2.30245 1.01934 0
2.29848 1.02335 0
2.29998 1.0298 0
2.29964 1.03543 0
2.29929 1.04107 0
2.30439 1.0492 0
2.304 1.05486 0
2.30361 1.06052 0
2.30138 1.06534 0
2.31184 1.07606 0
2.30233 1.07751 0
2.30731 1.08574 0
2.30503 1.09057 0
2.30274 1.09539 0
2.30405 1.10194 0
2.29813 1.10503 0
2.30302 1.11332 0
2.30787 1.12164 0
2.30732 1.12735 0
2.30495 1.13218 0
2.30437 1.13789 0
2.30735 1.14538 0
2.30316 1.14932 0
2.31147 1.15952 0
2.30547 1.16256 0
2.30481 1.16829 0
2.30949 1.17674 0
2.30702 1.18158 0
2.30098 1.18458 0
2.2985 1.18939 0
2.30132 1.19697 0
2.30236 1.20364 0
2.29983 1.20846 0
2.30967 1.21981 0
2.31065 1.22652 0
2.30631 1.23042 0
2.3002 1.23336 0
2.30642 1.24292 0
2.30733 1.24965 0
2.3047 1.25448 0
2.30909 1.26314 0
2.30469 1.26701 0
2.30028 1.27087 0
2.30286 1.2786 0
2.31415 1.29121 0
2.30097 1.29019 0
2.30349 1.29795 0
2.30599 1.30573 0
2.30846 1.31352 0
2.31439 1.32332 0
2.30121 1.32218 0
2.31575 1.337 0
2.30603 1.33783 0
2.30495 1.34367 0
2.30385 1.3495 0
2.30102 1.35432 0
2.30851 1.36525 0
2.30736 1.3711 0
2.30449 1.37593 0
2.30846 1.38487 0
2.30727 1.39074 0
2.31462 1.40178 0
2.30484 1.40247 0
2.29849 1.4052 0
2.29895 1.41211 0
2.29769 1.41797 0
2.30321 1.42805 0
2.3104 1.43922 0
2.2989 1.43875 0
2.30435 1.44888 0
2.30131 1.4537 0
2.3067 1.46388 0
2.30026 1.46656 0
2.30224 1.47461 0
2.30082 1.48051 0
2.30444 1.48967 0
2.30467 1.49667 0
2.30655 1.50477 0
2.31176 1.51508 0
2.3019 1.51552 0
2.30372 1.52365 0
2.30886 1.534 0
2.30231 1.53661 0
2.30407 1.54477 0
2.30415 1.55183 0
2.30255 1.55777 0
2.30094 1.56372 0
2.30096 1.57079 0
2.30262 1.579 0
2.2993 1.58381 0
2.30256 1.59318 0
2.30579 1.60256 0
2.29915 1.6051 0
2.30888 1.6191 0
2.30712 1.62508 0
2.29881 1.62644 0
2.30844 1.64052 0
2.30012 1.64187 0
2.3048 1.65251 0
2.29971 1.65617 0
2.3011 1.66449 0
2.30084 1.67166 0
2.29734 1.67648 0
2.29705 1.68365 0
2.29996 1.6932 0
2.30123 1.70158 0
2.30409 1.71117 0
2.29889 1.71479 0
2.2985 1.722 0
2.30288 1.73282 0
2.29924 1.73764 0
2.29879 1.74487 0
2.29831 1.75211 0
2.30098 1.76178 0
2.30522 1.77269 0
2.30466 1.77996 0
2.31041 1.79214 0
2.30823 1.7982 0
2.30761 1.8055 0
2.30383 1.81033 0
2.31102 1.82382 0
2.30563 1.82742 0
2.29866 1.82975 0
2.3042 1.84205 0
2.30346 1.84938 0
2.30425 1.85797 0
2.30812 1.86908 0
2.3011 1.87139 0
2.30492 1.88253 0
2.3118 1.89623 0
2.30473 1.89853 0
2.31 1.911 0
2.30907 1.91839 0
2.30351 1.92194 0
2.30714 1.93318 0
2.30615 1.94058 0
2.31125 1.95315 0
2.30563 1.9567 0
2.30609 1.96541 0
2.30349 1.97154 0
2.29935 1.97636 0
2.30883 1.99293 0
2.30466 1.99776 0
2.31103 2.01178 0
2.30831 2.01793 0
2.30258 2.02144 0
2.30284 2.03023 0
2.30457 2.04035 0
2.3003 2.04517 0
2.30347 2.05664 0
2.30362 2.06547 0
2.29632 2.06761 0
2.29792 2.07778 0
2.30392 2.092 0
2.30102 2.09817 0
2.30399 2.10974 0
2.30398 2.11862 0
2.30395 2.12751 0
2.30389 2.13641 0
2.30673 2.14805 0
2.31099 2.16107 0
2.30646 2.16591 0
2.30919 2.17759 0
2.30898 2.18655 0
2.3073 2.19414 0
2.30993 2.20587 0
2.30386 2.20932 0
2.30643 2.22108 0
2.30321 2.22729 0
2.31002 2.24326 0
2.31534 2.25787 0
2.30489 2.25711 0
2.31869 2.28017 0
2.3068 2.27799 0
2.31054 2.29127 0
2.30716 2.29751 0
2.31082 2.31082 0
2.30598 2.31566 0
2.30535 2.32474 0
2.30329 2.33241 0
2.30962 2.34864 0
2.31589 2.3649 0
2.30534 2.36402 0
2.30735 2.37602 0
2.30654 2.38516 0
2.30432 2.39287 0
2.30207 2.40057 0
2.30947 2.41841 0
2.30715 2.42614 0
2.30344 2.43242 0
2.30932 2.44888 0
2.31103 2.461 0
2.30724 2.46729 0
2.30479 2.47505 0
2.30776 2.48867 0
2.30933 2.50084 0
2.30273 2.5042 0
2.30559 2.51787 0
2.30839 2.53156 0
2.29233 2.52454 0
2.28301 2.52489 0
2.27504 2.52669 0
2.26708 2.52847 0
2.25245 2.52277 0
2.24318 2.523 0
2.23391 2.5232 0
2.23127 2.53087 0
2.21277 2.52051 0
2.20617 2.52364 0
2.20219 2.52976 0
2.18772 2.52379 0
2.1772 2.52231 0
2.17321 2.52838 0
2.16011 2.52381 0
2.15093 2.52376 0
2.14176 2.52368 0
2.13388 2.52511 0
2.1273 2.52804 0
2.11686 2.52636 0
2.10901 2.52772 0
2.10115 2.52905 0
2.0984 2.53653 0
2.08672 2.5332 0
2.07254 2.52674 0
2.0685 2.53262 0
2.05941 2.5323 0
2.04529 2.52572 0
2.04 2.53 0
2.03469 2.53427 0
2.02439 2.53228 0
2.01783 2.53495 0
2.00631 2.53133 0
1.99605 2.52925 0
1.98704 2.5287 0
1.97804 2.52813 0
1.97151 2.53069 0
1.96621 2.53482 0
1.95111 2.52627 0
1.94826 2.53352 0
1.94051 2.53442 0
1.92793 2.52893 0
1.92142 2.53137 0
1.9137 2.5322 0
1.90719 2.5346 0
1.89108 2.52419 0
1.88579 2.52814 0
1.87811 2.52888 0
1.87043 2.52959 0
1.86157 2.52867 0
1.85036 2.52449 0
1.8486 2.53321 0
1.83742 2.52899 0
1.8286 2.52797 0
1.81278 2.51719 0
1.811 2.52585 0
1.80803 2.5329 0
1.7923 2.52201 0
1.78932 2.52902 0
1.77941 2.52622 0
1.76723 2.52012 0
1.76653 2.53037 0
1.75894 2.53078 0
1.74681 2.52459 0
1.74038 2.5266 0
1.73282 2.52694 0
1.72865 2.53221 0
1.7211 2.53252 0
1.71131 2.52949 0
1.70042 2.52478 0
1.69847 2.53332 0
1.68983 2.53188 0
1.6812 2.53041 0
1.6759 2.53393 0
1.66619 2.53075 0
1.6576 2.52922 0
1.64902 2.52766 0
1.64372 2.53111 0
1.63082 2.52279 0
1.62445 2.52452 0
1.61916 2.52791 0
1.61063 2.52624 0
1.60534 2.52961 0
1.60004 2.53296 0
1.59153 2.53123 0
1.57774 2.52099 0
1.57669 2.53108 0
1.56717 2.52758 0
1.55872 2.52575 0
1.55447 2.53071 0
1.54812 2.53226 0
1.53866 2.52866 0
1.52714 2.52161 0
1.52392 2.52823 0
1.51554 2.52627 0
1.50922 2.52772 0
1.50086 2.52572 0
1.49658 2.53058 0
1.48925 2.53026 0
1.48091 2.5282 0
1.47662 2.53302 0
1.4683 2.53092 0
1.463 2.53399 0
1.45271 2.52838 0
1.44741 2.53141 0
1.43617 2.52401 0
1.43187 2.52875 0
1.42755 2.53349 0
1.4193 2.53124 0
1.414 2.53421 0
1.40578 2.53192 0
1.3937 2.5226 0
1.39034 2.52902 0
1.3812 2.52491 0
1.37782 2.53131 0
1.37061 2.53067 0
1.36152 2.52649 0
1.35906 2.53463 0
1.35186 2.53394 0
1.3428 2.5297 0
1.33563 2.52897 0
1.33126 2.53353 0
1.32132 2.52745 0
1.3151 2.52844 0
1.31072 2.53297 0
1.30267 2.53037 0
1.29554 2.52953 0
1.28843 2.52868 0
1.28403 2.53315 0
1.27512 2.52869 0
1.26982 2.53136 0
1.26184 2.52864 0
1.25565 2.52949 0
1.24769 2.52673 0
1.24416 2.53293 0
1.23798 2.53374 0
1.22742 2.52553 0
1.22213 2.5281 0
1.21596 2.52885 0
1.20808 2.52597 0
1.20536 2.53392 0
1.19577 2.5274 0
1.19048 2.5299 0
1.18263 2.52695 0
1.17734 2.52942 0
1.16952 2.52644 0
1.16506 2.5307 0
1.15976 2.53313 0
1.14948 2.52463 0
1.14666 2.5325 0
1.13971 2.53125 0
1.13114 2.52633 0
1.12422 2.52504 0
1.11893 2.52739 0
1.11605 2.53522 0
1.10673 2.52839 0
1.09904 2.5252 0
1.09454 2.52933 0
1.08924 2.53162 0
1.08472 2.53573 0
1.07471 2.52696 0
1.06786 2.52552 0
1.06644 2.53697 0
1.05496 2.52443 0
1.05044 2.52848 0
1.04514 2.53068 0
1.03756 2.52731 0
1.03151 2.52763 0
1.02696 2.53164 0
1.0239 2.53934 0
1.01412 2.53034 0
1.01029 2.53618 0
1.00424 2.53643 0
0.997465 2.53481 0
0.98924 2.52944 0
0.984664 2.53337 0
0.977915 2.53169 0
0.971894 2.53187 0
0.963738 2.52643 0
0.960571 2.53405 0
0.953852 2.53231 0
0.947845 2.53243 0
0.942539 2.53441 0
0.935842 2.53263 0
0.931914 2.53834 0
0.925911 2.5384 0
0.918548 2.5347 0
0.91256 2.53473 0
0.907249 2.53664 0
0.896578 2.52346 0
0.891291 2.52533 0
0.886661 2.52908 0
0.881363 2.53093 0
0.878675 2.54033 0
0.871403 2.53649 0
0.867381 2.5421 0
0.857561 2.53065 0
0.852259 2.53244 0
0.850757 2.5456 0
0.840384 2.53219 0
0.834453 2.53204 0
0.830392 2.53759 0
0.824457 2.53742 0
0.818527 2.53724 0
0.811991 2.53514 0
0.804862 2.53111 0
0.798957 2.53089 0
0.793654 2.53255 0
0.788348 2.53421 0
0.782449 2.53395 0
0.775968 2.53175 0
0.771246 2.53529 0
0.765934 2.5369 0
0.760045 2.53658 0
0.754731 2.53817 0
0.746583 2.53015 0
0.742969 2.53747 0
0.737094 2.5371 0
0.730671 2.53479 0
0.726461 2.54016 0
0.719501 2.5359 0
0.712563 2.53163 0
0.70941 2.54082 0
0.700351 2.52881 0
0.696113 2.53413 0
0.691855 2.53944 0
0.686535 2.54088 0
0.678624 2.53266 0
0.673318 2.53407 0
0.66648 2.52968 0
0.663203 2.53881 0
0.655878 2.53245 0
0.650075 2.53188 0
0.645758 2.53711 0
0.639464 2.53458 0
0.634154 2.53591 0
0.628361 2.53529 0
0.621618 2.53078 0
0.615843 2.53013 0
0.610543 2.53141 0
0.60617 2.53658 0
0.598552 2.52811 0
0.594169 2.53325 0
0.589315 2.53644 0
0.581758 2.52792 0
0.576907 2.53109 0
0.570724 2.52839 0
0.568045 2.54129 0
0.561425 2.53661 0
0.55397 2.52802 0
0.549522 2.53308 0
0.543796 2.53227 0
0.539739 2.53927 0
0.531949 2.52865 0
0.526652 2.52976 0
0.521352 2.53086 0
0.517249 2.53782 0
0.511142 2.53498 0
0.505831 2.53605 0
0.501293 2.54102 0
0.494055 2.53225 0
0.489129 2.53525 0
0.483444 2.5343 0
0.477394 2.53138 0
0.472457 2.53434 0
0.466786 2.53335 0
0.462196 2.53826 0
0.455816 2.53332 0
0.450859 2.53624 0
0.446238 2.54112 0
0.439206 2.53219 0
0.434577 2.53705 0
0.429596 2.53993 0
0.423946 2.53885 0
0.418303 2.53776 0
0.412666 2.53665 0
0.407352 2.53751 0
0.402349 2.54033 0
0.395793 2.53327 0
0.392314 2.54595 0
0.385178 2.5349 0
0.379276 2.53175 0
0.375141 2.54045 0
0.369244 2.53727 0
0.363645 2.53606 0
0.357493 2.53088 0
0.352743 2.53558 0
0.346346 2.52839 0
0.342921 2.54298 0
0.336542 2.53576 0
0.331748 2.54043 0
0.325407 2.53318 0
0.320101 2.53386 0
0.31504 2.53651 0
0.308515 2.52724 0
0.304412 2.53781 0
0.299096 2.53844 0
0.29332 2.53509 0
0.288461 2.53967 0
0.28292 2.53828 0
0.277386 2.53688 0
0.271645 2.53348 0
0.266129 2.53205 0
0.26144 2.53857 0
0.256123 2.53911 0
0.250608 2.53766 0
0.2451 2.53618 0
0.239412 2.53271 0
0.234843 2.54117 0
0.228621 2.5317 0
0.224021 2.54014 0
0.217671 2.52865 0
0.212542 2.53109 0
0.207403 2.53352 0
0.202733 2.54193 0
0.196944 2.53637 0
0.191782 2.53877 0
0.186464 2.53916 0
0.180861 2.53556 0
0.175136 2.52995 0
0.170373 2.53829 0
0.165186 2.54064 0
0.159865 2.54098 0
0.154178 2.53532 0
0.148985 2.53763 0
0.143444 2.53394 0
0.138246 2.53624 0
0.133038 2.53852 0
0.12752 2.53479 0
0.122307 2.53705 0
0.116901 2.53531 0
0.111503 2.53355 0
0.106364 2.53777 0
0.100731 2.53 0
0.0957331 2.5382 0
0.0902745 2.53439 0
0.0850333 2.53658 0
0.0795949 2.53275 0
0.0745247 2.54091 0
0.0688761 2.52906 0
0.0636294 2.5312 0
0.0582819 2.52933 0
0.0530681 2.53344 0
0.0477619 2.53355 0
0.0424221 2.53164 0
0.037149 2.53373 0
0.0318423 2.5338 0
0.0265564 2.53586 0
0.0212285 2.53391 0
0.0158838 2.52795 0
0.0106227 2.53598 0
0.00529463 2.52799 0
-7.61859e-14 2.528 0
-0.00530719 2.53399 0
-0.0105557 2.51998 0
-0.0158964 2.52995 0
-0.0212118 2.53191 0
-0.0265355 2.53386 0
-0.0318675 2.5358 0
-0.037149 2.53373 0
-0.0424221 2.53164 0
-0.0477996 2.53555 0
-0.0530262 2.53144 0
-0.0585122 2.53933 0
-0.0637802 2.5372 0
-0.0690395 2.53506 0
-0.0740556 2.52491 0
-0.0795949 2.53275 0
-0.0848993 2.53258 0
-0.0906305 2.54439 0
-0.0955069 2.5322 0
-0.100969 2.53599 0
-0.106029 2.52978 0
-0.111767 2.53954 0
-0.116809 2.53331 0
-0.122404 2.53905 0
-0.127621 2.53679 0
-0.132619 2.53053 0
-0.138137 2.53424 0
-0.143557 2.53594 0
-0.148868 2.53563 0
-0.154057 2.53332 0
-0.158986 2.527 0
-0.164667 2.53265 0
-0.169703 2.52831 0
-0.174998 2.52795 0
-0.181288 2.54154 0
-0.186172 2.53517 0
-0.191179 2.53079 0
-0.19617 2.5264 0
-0.202097 2.53395 0
-0.207893 2.5395 0
-0.213044 2.53707 0
-0.218014 2.53263 0
-0.223142 2.53018 0
-0.22898 2.53568 0
-0.233922 2.53121 0
-0.2396 2.5347 0
-0.245677 2.54216 0
-0.250018 2.53168 0
-0.25532 2.53116 0
-0.261236 2.53658 0
-0.266548 2.53603 0
-0.271006 2.52751 0
-0.276081 2.52495 0
-0.280704 2.5184 0
-0.281238 2.47608 0
-0.284814 2.46158 0
-0.287395 2.43913 0
-0.289882 2.41668 0
-0 0 0
-0 0 0
-0 0 0
-0 0 0
-0 0 0
-0 0 0
-0.285188 2.11486 0
-0.285003 2.08057 0
-0.28495 2.04827 0
-0.285603 2.02193 0
-0.285863 1.99361 0
-0.289174 1.98707 0
-0 0 0
-0 0 0
-0.285729 1.88042 0
-0.285098 1.85016 0
-0.286194 1.83178 0
-0.285336 1.80154 0
-0 0 0
-0 0 0
-0 0 0
-0 0 0
-0.286175 1.69197 0
-0.285329 1.66574 0
-0.285399 1.64543 0
-0.285731 1.6271 0
-0 0 0
-0.284752 1.58259 0
-0.285558 1.56821 0
-0.285218 1.54794 0
-0.284794 1.52768 0
-0.285028 1.51136 0
-0.28482 1.49308 0
-0.285673 1.48069 0
-0.286858 1.47028 0
-0.285292 1.44613 0
-0.285582 1.4318 0
-0.286208 1.41943 0
-0.285186 1.39923 0
-0.283677 1.37709 0
-0.2833 1.36082 0
-0.284502 1.3524 0
-0.283592 1.33419 0
-0.285125 1.32773 0
-0.283241 1.30563 0
-0.285547 1.30308 0
-0.284386 1.2849 0
-0.284023 1.27064 0
-0.28316 1.25444 0
-0.284453 1.24799 0
-0.285272 1.2396 0
-0.283794 1.22146 0
-0.282698 1.20529 0
-0.282918 1.19497 0
-0.283096 1.18464 0
-0.283232 1.17433 0
-0.281907 1.15819 0
-0.281947 1.14788 0
-0.282907 1.14146 0
-0.282871 1.13117 0
-0.281325 1.11506 0
-0.28218 1.10865 0
-0.282014 1.09837 0
-0.283311 1.09391 0
-0.284085 1.08751 0
-0.283815 1.07724 0
-0.283502 1.06698 0
-0.283666 1.05865 0
-0.283796 1.05034 0
-0.282315 1.03623 0
-0.282895 1.02985 0
-0.282382 1.01962 0
-0.283441 1.01517 0
-0.283941 1.0088 0
-0.283324 0.998585 0
-0.283215 0.990297 0
-0.281965 0.978172 0
-0.283455 0.975658 0
-0.282126 0.963546 0
-0.282445 0.957198 0
-0.282739 0.950854 0
-0.283008 0.944512 0
-0.286141 0.947746 0
-0.284633 0.935664 0
-0.283076 0.923593 0
-0.28442 0.921087 0
-0.287536 0.924309 0
-0.282893 0.902711 0
-0.281772 0.892581 0
-0.282429 0.888177 0
-0.282458 0.881869 0
-0.283077 0.877469 0
-0.282442 0.869266 0
-0.285506 0.872474 0
-0.28295 0.858577 0
-0.283488 0.854187 0
-0.282107 0.844107 0
-0.283236 0.841618 0
-0.283714 0.837235 0
-0.286113 0.838532 0
-0.28267 0.822799 0
-0.283739 0.820315 0
-0.286772 0.823496 0
-0.283202 0.807795 0
-0.286225 0.810972 0
-0.284575 0.800948 0
-0.287599 0.804116 0
-0.28725 0.797867 0
-0.284832 0.785982 0
-0.286477 0.785383 0
-0.283296 0.771639 0
-0.285605 0.77292 0
-0.286526 0.770446 0
-0.283933 0.758605 0
-0.286226 0.759881 0
-0.283563 0.748059 0
-0.283704 0.743726 0
-0.286694 0.746864 0
-0.285375 0.7388 0
-0.286198 0.736336 0
-0.284825 0.728285 0
-0.28635 0.727687 0
-0.284928 0.719647 0
-0.286435 0.719049 0
-0.284964 0.711021 0
-0.284209 0.704858 0
-0.283429 0.698702 0
-0.284136 0.696255 0
-0.284075 0.691958 0
-0.286287 0.69321 0
-0.284669 0.685221 0
-0.284561 0.680932 0
-0.285211 0.678491 0
-0.285074 0.674208 0
-0.285703 0.671769 0
-0.286323 0.669331 0
-0.282981 0.657706 0
-0.281181 0.64977 0
-0.282541 0.64918 0
-0.282296 0.644922 0
-0.286869 0.651652 0
-0.285805 0.645563 0
-0.284716 0.639482 0
-0.283602 0.633408 0
-0.283286 0.629165 0
-0.282128 0.623105 0
-0.284262 0.624333 0
-0.281406 0.614644 0
-0.286874 0.623137 0
-0.282298 0.60983 0
-0.28273 0.607424 0
-0.284002 0.60683 0
-0.281866 0.598996 0
-0.282264 0.596596 0
-0.285232 0.599616 0
-0.281309 0.588191 0
-0.282541 0.587601 0
-0.2829 0.585207 0
-0.285874 0.588211 0
-0.283593 0.580423 0
-0.283926 0.578033 0
-0.285136 0.577437 0
-0.283677 0.571464 0
-0.280408 0.561921 0
-0.286068 0.570271 0
-0.285461 0.566099 0
-0.283933 0.560148 0
-0.285106 0.559552 0
-0.286277 0.558954 0
-0.284701 0.553018 0
-0.283101 0.547092 0
-0.284246 0.546498 0
-0.281684 0.538812 0
-0.282812 0.538221 0
-0.283004 0.535859 0
-0.286939 0.540564 0
-0.281481 0.52761 0
-0.28353 0.528782 0
-0.286535 0.531708 0
-0.285743 0.52759 0
-0.287803 0.528747 0
-0.285071 0.521124 0
-0.281344 0.511763 0
-0.283383 0.512923 0
-0.282515 0.508832 0
-0.284554 0.509985 0
-0.285622 0.509388 0
-0.284724 0.505304 0
-0.284796 0.502966 0
-0.282882 0.497154 0
-0.283923 0.49656 0
-0.278984 0.48556 0
-0.283 0.49017 0
-0.28503 0.491307 0
-0.283036 0.485525 0
-0.284052 0.484931 0
-0.282024 0.479164 0
-0.287099 0.485459 0
-0.288115 0.484856 0
-0.282979 0.473948 0
-0.282942 0.47164 0
-0.287026 0.476185 0
-0.283879 0.46874 0
-0.286939 0.471561 0
-0.28271 0.462427 0
-0.280538 0.456722 0
-0.283594 0.459537 0
-0.287718 0.464041 0
-0.283402 0.45495 0
-0.284354 0.454355 0
-0.285305 0.453759 0
-0.287323 0.454851 0
-0.281845 0.444117 0
-0.284925 0.446898 0
-0.283703 0.442932 0
-0.281383 0.437291 0
-0.285556 0.44174 0
-0.284302 0.437786 0
-0.283032 0.43384 0
-0.282844 0.431573 0
-0.280448 0.425968 0
-0.282443 0.427048 0
-0.284443 0.428122 0
-0.283119 0.424198 0
-0.28512 0.425265 0
-0.281541 0.418032 0
-0.280175 0.414128 0
-0.282166 0.415194 0
-0.288673 0.422862 0
-0.28164 0.41071 0
-0.283634 0.411766 0
-0.283358 0.409527 0
-0.285357 0.410575 0
-0.282781 0.405056 0
-0.288222 0.411013 0
-0.282172 0.400598 0
-0.284166 0.401639 0
-0.282689 0.397782 0
-0.289332 0.405329 0
-0.284353 0.396595 0
-0.284014 0.394375 0
-0.28484 0.39378 0
-0.285664 0.393182 0
-0.286486 0.392583 0
-0.286126 0.390369 0
-0.286943 0.389769 0
-0.283002 0.382735 0
-0.281418 0.37893 0
-0.28819 0.386355 0
-0.284202 0.379348 0
-0.284996 0.378752 0
-0.284583 0.376559 0
-0.285371 0.375962 0
-0.283733 0.372183 0
-0.283296 0.37 0
-0.288947 0.375747 0
-0.286065 0.370393 0
-0.284389 0.366632 0
-0.287614 0.369191 0
-0.288387 0.368588 0
-0.281744 0.358548 0
-0.283733 0.359527 0
-0.284486 0.358932 0
-0.286482 0.3599 0
-0.28224 0.35305 0
-0.285483 0.355577 0
-0.286227 0.354979 0
-0.283194 0.349716 0
-0.28645 0.352225 0
-0.282126 0.345428 0
-0.281581 0.34329 0
-0.284842 0.345787 0
-0.280467 0.339026 0
-0.28501 0.343053 0
-0.280603 0.336312 0
-0.280022 0.334191 0
-0.283297 0.336664 0
-0.289165 0.342181 0
-0.287293 0.338524 0
-0.286704 0.3364 0
-0.284807 0.33276 0
-0.285503 0.332162 0
-0.283585 0.328536 0
-0.282962 0.32643 0
-0.278392 0.319803 0
-0.284327 0.325242 0
-0.279729 0.318634 0
-0.283041 0.321048 0
-0.279736 0.315962 0
-0.281726 0.31687 0
-0.283721 0.317771 0
-0.285721 0.318665 0
-0.283711 0.315093 0
-0.284371 0.314499 0
-0.280995 0.30946 0
-0.278948 0.305915 0
-0.282289 0.30828 0
-0.284288 0.309161 0
-0.282221 0.305626 0
-0.281501 0.303568 0
-0.282136 0.302977 0
-0.284136 0.303847 0
-0.280664 0.298877 0
-0.279918 0.296834 0
-0.283289 0.299151 0
-0.281158 0.295658 0
-0.28454 0.297962 0
-0.286547 0.298809 0
-0.281623 0.292445 0
-0.280845 0.290417 0
-0.285632 0.294133 0
-0.279266 0.286375 0
-0.277067 0.282931 0
-0.281866 0.286628 0
-0.279655 0.283191 0
-0.281655 0.284025 0
-0.280838 0.282017 0
-0.2786 0.2786 0
-0.279183 0.278016 0
-0.276924 0.274614 0
-0.277499 0.274033 0
-0.278072 0.273452 0
-0.277215 0.271469 0
-0.277783 0.270888 0
-0.274046 0.266126 0
-0.273165 0.264161 0
-0.269396 0.259426 0
-0.272825 0.26163 0
-0.277712 0.265202 0
-0.275368 0.261863 0
-0.273012 0.258536 0
-0.279373 0.263452 0
-0.272634 0.256021 0
-0.279013 0.260913 0
-0.272241 0.253513 0
-0.277171 0.257022 0
-0.2733 0.252371 0
-0.2753 0.253152 0
-0.27878 0.255276 0
-0.276358 0.251996 0
-0.272443 0.247383 0
-0.269994 0.24413 0
