-0.599 -2.358 0.291
-0.599 -2.34599 0.295997
-0.599 -2.34998 0.301011
-0.599 -2.35595 0.306054
-0.599 -2.35192 0.311039
-0.599 -2.35787 0.316111
-0.599 -2.36181 0.321184
-0.599 -2.35174 0.326067
-0.599 -2.35566 0.331143
-0.599 -2.35357 0.336123
-0.599 -2.34948 0.341052
-0.599 -2.35137 0.346103
-0.599 -2.35324 0.351161
-0.599 -2.35311 0.356174
-0.599 -2.34298 0.360893
-0.599 -2.35682 0.366323
-0.599 -2.35266 0.371209
-0.599 -2.35048 0.376148
-0.599 -5.73093 0.532874
-0.599 -5.73441 0.545136
-0.599 -5.73387 0.557229
-0.599 -5.7313 0.569225
-0.599 -5.73869 0.581714
-0.599 -5.73607 0.593711
-0.599 -5.74941 0.60657
-0.599 -5.74474 0.618468
-0.599 -5.74005 0.630349
-0.599 -5.74332 0.642696
-0.599 -5.73857 0.654557
-0.599 -5.73181 0.66627
-0.599 -5.73501 0.678625
-0.599 -5.73817 0.690996
-0.599 -5.72535 0.702243
-0.599 -5.74442 0.715782
-0.599 -5.74951 0.728347
-0.599 -5.73861 0.739698
-0.599 -5.73367 0.751482
-0.599 -5.74266 0.764389
-0.599 -5.73767 0.776164
-0.599 -5.74461 0.78895
-0.599 -5.74754 0.801415
-0.599 -5.73251 0.812277
-0.599 -5.69556 0.821053
-0.599 -5.25712 0.825326
-0.599 -5.1784 0.828428
-0.599 -5.19317 0.841029
-0.599 -5.21985 0.854973
-0.599 -6.57702 1.02854
-0.599 -6.57149 1.04195
-0.599 -6.58182 1.05717
-0.599 -6.58418 1.07151
-0.599 -6.57657 1.08466
-0.599 -6.57886 1.099
-0.599 -6.58907 1.11434
-0.599 -6.57939 1.12722
-0.599 -17.1433 2.57154
-0.599 -16.9185 2.57785
-0.599 -16.3403 2.56978
-0.599 -16.1552 2.57862
-0.599 -15.8673 2.57194
-0.599 -15.6943 2.58077
-0.599 -15.3847 2.56873
-0.599 -15.2197 2.57703
-0.599 -14.7257 2.5663
-0.599 -14.5945 2.57746
-0.599 -14.3526 2.57056
-0.599 -14.172 2.57249
-0.599 -14.0113 2.57688
-0.599 -13.8486 2.58028
-0.599 -13.5479 2.55995
-0.599 -13.4346 2.57006
-0.599 -13.2997 2.57599
-0.599 -13.1609 2.58068
-0.599 -12.9926 2.57961
-0.599 -12.846 2.5817
-0.599 -12.6896 2.58141
-0.599 -12.5234 2.57869
-0.599 -12.3809 2.57963
-0.599 -12.1814 2.56935
-0.599 -12.0705 2.57493
-0.599 -11.9498 2.57818
-0.599 -11.8213 2.57941
-0.599 -11.6928 2.58012
-0.599 -11.5486 2.57721
-0.599 -11.4261 2.578
-0.599 -11.3135 2.58027
-0.599 -11.2068 2.58327
-0.599 -11.0707 2.57978
-0.599 -10.9543 2.57982
-0.599 -10.8457 2.58102
-0.599 -10.7274 2.57969
-0.599 -10.6151 2.57914
-0.599 -10.5086 2.5794
-0.599 -10.4218 2.58351
-0.599 -10.3232 2.58467
-0.599 -10.211 2.58238
-0.599 -10.0931 2.5783
-0.599 -9.97319 2.57329
-0.599 -9.88458 2.57497
-0.599 -9.8038 2.5781
-0.599 -9.70747 2.57725
-0.599 -9.63065 2.58061
-0.599 -9.55386 2.58366
-0.599 -9.4771 2.5864
-0.599 -9.38483 2.58504
-0.599 -9.28677 2.58188
-0.599 -9.19848 2.58072
-0.599 -9.12188 2.58211
-0.599 -9.04143 2.58221
-0.599 -8.95714 2.581
-0.599 -8.88453 2.58243
-0.599 -8.80807 2.58256
-0.599 -8.72391 2.58036
-0.599 -8.64367 2.57884
-0.599 -8.57894 2.5811
-0.599 -8.49492 2.57793
-0.599 -8.42253 2.57754
-0.599 -8.35984 2.57948
-0.599 -8.29524 2.58065
-0.599 -8.2326 2.58209
-0.599 -8.16229 2.58112
-0.599 -8.08625 2.57825
-0.599 -8.03526 2.58216
-0.599 -7.95545 2.57762
-0.599 -7.87954 2.57386
-0.599 -7.82288 2.57538
-0.599 -7.7605 2.57498
-0.599 -7.70966 2.57773
-0.599 -7.6531 2.57856
-0.599 -7.5889 2.57688
-0.599 -7.53048 2.57666
-0.599 -7.48358 2.57971
-0.599 -7.4195 2.57729
-0.599 -7.35927 2.5758
-0.599 -7.30673 2.57644
-0.599 -7.25803 2.57806
-0.599 -7.20936 2.5795
-0.599 -7.15499 2.57892
-0.599 -7.11019 2.58117
-0.599 -7.05969 2.5814
-0.599 -7.01874 2.58452
-0.599 -6.9626 2.58251
-0.599 -6.94639 2.59341
-0.599 -6.85993 2.58095
-0.599 -6.81149 2.58082
-0.599 -6.75739 2.57858
-0.599 -6.7166 2.58061
-0.599 -6.65879 2.57667
-0.599 -6.61427 2.57705
-0.599 -6.57355 2.57856
-0.599 -6.5253 2.57728
-0.599 -6.48842 2.57978
-0.599 -6.43457 2.57614
-0.599 -6.39773 2.57831
-0.599 -6.36468 2.58169
-0.599 -6.33541 2.58629
-0.599 -6.28546 2.58328
-0.599 -6.24682 2.58419
-0.599 -6.20634 2.58425
-0.599 -6.16587 2.58416
-0.599 -6.12732 2.5846
-0.599 -6.08316 2.58279
-0.599 -6.03905 2.58081
-0.599 -6.00057 2.58077
-0.599 -5.97147 2.58415
-0.599 -5.92558 2.58097
-0.599 -5.88719 2.58049
-0.599 -5.84696 2.57913
-0.599 -5.82353 2.58417
-0.599 -5.7908 2.58546
-0.599 -5.75623 2.58589
-0.599 -5.71982 2.58544
-0.599 -5.68159 2.58411
-0.599 -5.65822 2.58861
-0.599 -5.62189 2.58775
-0.599 -5.58374 2.586
-0.599 -5.56042 2.59018
-0.599 -5.51862 2.58664
-0.599 -5.4824 2.58523
-0.599 -5.44806 2.58445
-0.599 -5.41559 2.58432
-0.599 -5.38682 2.58561
-0.599 -5.35624 2.58602
-0.599 -5.32016 2.58394
-0.599 -5.29698 2.58726
-0.599 -5.26279 2.58572
-0.599 -5.2433 2.59044
-0.599 -5.21832 2.59267
-0.599 -5.18237 2.58998
-0.599 -5.14645 2.58715
-0.599 -5.11788 2.58744
-0.599 -5.08203 2.58434
-0.599 -5.04256 2.57946
-0.599 -5.02318 2.5835
-0.599 -4.99835 2.58498
-0.599 -4.96807 2.58387
-0.599 -4.94328 2.58516
-0.599 -4.91487 2.58467
-0.599 -4.88467 2.58322
-0.599 -4.86717 2.5876
-0.599 -4.83159 2.5834
-0.599 -4.80508 2.58333
-0.599 -4.7786 2.58316
-0.599 -4.75214 2.58289
-0.599 -4.72029 2.57993
-0.599 -4.69928 2.58206
-0.599 -4.67828 2.58411
-0.599 -4.6519 2.58345
-0.599 -4.62375 2.58181
-0.599 -4.60281 2.5836
-0.599 -4.56754 2.5782
-0.599 -4.55558 2.58428
-0.599 -4.52217 2.57955
-0.599 -4.50486 2.58279
-0.599 -4.484 2.58417
-0.599 -4.45602 2.58184
-0.599 -4.44409 2.5876
-0.599 -4.41793 2.586
-0.599 -4.40068 2.5889
-0.599 -4.36747 2.58343
-0.599 -4.34848 2.58524
-0.599 -4.32065 2.58233
-0.599 -4.30169 2.58399
-0.599 -4.28275 2.58558
-0.599 -4.26735 2.58898
-0.599 -4.23432 2.58287
-0.599 -4.21895 2.58613
-0.599 -4.19303 2.58361
-0.599 -4.17416 2.58482
-0.599 -4.14303 2.57925
-0.599 -4.1207 2.57837
-0.599 -4.10015 2.57837
-0.599 -4.08136 2.57927
-0.599 -4.06608 2.58205
-0.599 -4.05081 2.58478
-0.599 -4.0216 2.57959
-0.599 -4.01332 2.58612
-0.599 -3.99807 2.58867
-0.599 -3.98457 2.59216
-0.599 -3.95893 2.58863
-0.599 -3.93852 2.588
-0.599 -3.92332 2.59031
-0.599 -3.91504 2.59659
-0.599 -3.87569 2.58465
-0.599 -3.86054 2.58676
-0.599 -3.84711 2.58983
-0.599 -3.82681 2.58877
-0.599 -3.81341 2.59174
-0.599 -3.79486 2.59157
-0.599 -3.77633 2.59134
-0.599 -3.76466 2.59518
-0.599 -3.73932 2.59067
-0.599 -3.71914 2.58919
-0.599 -3.70409 2.59078
-0.599 -3.68906 2.59232
-0.599 -3.67233 2.59274
-0.599 -3.65562 2.59311
-0.599 -3.63892 2.59342
-0.599 -3.62393 2.59473
-0.599 -3.60388 2.59279
-0.599 -3.5923 2.59613
-0.599 -3.57397 2.59513
-0.599 -3.55061 2.59083
-0.599 -3.53906 2.59401
-0.599 -3.51575 2.58956
-0.599 -3.50087 2.59047
-0.599 -3.48264 2.58913
-0.599 -3.47113 2.59212
-0.599 -3.46463 2.59837
-0.599 -3.43477 2.58916
-0.599 -3.42162 2.5909
-0.599 -3.41347 2.59592
-0.599 -3.39036 2.5909
-0.599 -3.37558 2.59137
-0.599 -3.35751 2.58956
-0.599 -3.34276 2.58992
-0.599 -3.32803 2.59023
-0.599 -3.31496 2.59163
-0.599 -3.30354 2.59411
-0.599 -3.2872 2.59314
-0.599 -3.27087 2.59212
-0.599 -3.25621 2.59218
-0.599 -3.24811 2.59678
-0.599 -3.22855 2.59329
-0.599 -3.21393 2.5932
-0.599 -3.19443 2.58959
-0.599 -3.18147 2.59055
-0.599 -3.17014 2.59263
-0.599 -3.15558 2.59233
-0.599 -3.14265 2.59316
-0.599 -3.12811 2.59277
-0.599 -3.10551 2.58643
-0.599 -3.09908 2.59183
-0.599 -3.08459 2.59128
-0.599 -3.06691 2.58831
-0.599 -3.05566 2.59004
-0.599 -3.04924 2.59533
-0.599 -3.0316 2.5922
-0.599 -3.01878 2.59261
-0.599 -3.00438 2.59178
-0.599 -2.98841 2.58969
-0.599 -2.9804 2.5936
-0.599 -2.96128 2.58898
-0.599 -2.95171 2.5916
-0.599 -2.94213 2.59419
-0.599 -2.93256 2.59676
-0.599 -2.91511 2.59314
-0.599 -2.90083 2.59193
-0.599 -2.896 2.59809
-0.599 -2.87232 2.58936
-0.599 -2.85653 2.58676
-0.599 -2.85328 2.59407
-0.599 -2.83752 2.59138
-0.599 -2.82178 2.58864
-0.599 -2.81851 2.59588
-0.599 -2.8028 2.59305
-0.599 -2.78866 2.59143
-0.599 -2.77609 2.59102
-0.599 -2.76199 2.58931
-0.599 -2.75408 2.59263
-0.599 -2.73693 2.58828
-0.599 -2.73211 2.59409
-0.599 -2.71346 2.58836
-0.599 -2.69945 2.58641
-0.599 -2.69463 2.59214
-0.599 -2.6837 2.5927
-0.599 -2.66667 2.58805
-0.599 -2.65881 2.59112
-0.599 -2.65095 2.59416
-0.599 -2.63398 2.58937
-0.599 -2.62462 2.59104
-0.599 -2.61073 2.58876
-0.599 -2.60139 2.59036
-0.599 -2.59205 2.59194
-0.599 -2.57971 2.59085
-0.599 -2.57189 2.59369
-0.599 -2.56107 2.59385
-0.599 -2.55026 2.59398
-0.599 -2.53797 2.59274
-0.599 -2.53464 2.59947
-0.599 -2.52385 2.5995
-0.599 -2.50862 2.59548
-0.599 -2.50231 2.59946
-0.599 -2.49452 2.60209
-0.599 -2.48082 2.59929
-0.599 -2.46567 2.59509
-0.599 -2.45497 2.5949
-0.599 -2.43987 2.5906
-0.599 -2.43212 2.59307
-0.599 -2.41707 2.58868
-0.599 -2.41808 2.59929
-0.599 -2.4016 2.59346
-0.599 -2.39242 2.59444
-0.599 -2.38614 2.59815
-0.599 -2.37696 2.59909
-0.599 -2.36491 2.59722
-0.599 -2.34999 2.59254
-0.599 -2.34228 2.59476
-0.599 -2.33028 2.59278
-0.599 -2.32402 2.59634
-0.599 -2.31204 2.59429
-0.599 -2.30294 2.59501
-0.599 -2.29099 2.59288
-0.599 -2.28901 2.60057
-0.599 -2.27708 2.59839
-0.599 -2.25951 2.59051
-0.599 -2.25328 2.5939
-0.599 -2.24986 2.60012
-0.599 -2.23378 2.59353
-0.599 -2.22755 2.59686
-0.599 -2.21292 2.5916
-0.599 -2.20949 2.59775
-0.599 -2.19072 2.58811
-0.599 -2.18451 2.59133
-0.599 -2.18108 2.59743
-0.599 -2.16378 2.58908
-0.599 -2.16035 2.59514
-0.599 -2.14863 2.5925
-0.599 -2.1383 2.59127
-0.599 -2.13622 2.59874
-0.599 -2.11906 2.59017
-0.599 -2.11288 2.59322
-0.599 -2.1026 2.59187
-0.599 -2.09233 2.59049
-0.599 -2.0848 2.59201
-0.599 -2.07727 2.59351
-0.599 -2.06839 2.59352
-0.599 -2.05548 2.58906
-0.599 -2.05066 2.59344
-0.599 -2.04047 2.59188
-0.599 -2.03297 2.59326
-0.599 -2.02013 2.58866
-0.599 -2.00865 2.58552
-0.599 -2.0065 2.59279
-0.599 -1.98842 2.5821
-0.599 -1.98626 2.58934
-0.599 -1.98012 2.59208
-0.599 -1.9674 2.58727
-0.599 -1.95865 2.58694
-0.599 -1.95121 2.5881
-0.599 -1.94771 2.59378
-0.599 -1.94027 2.5949
-0.599 -1.92764 2.58993
-0.599 -1.92022 2.591
-0.599 -1.91023 2.589
-0.599 -1.90412 2.59155
-0.599 -1.90058 2.59715
-0.599 -1.89703 2.60274
-0.599 -1.88322 2.59605
-0.599 -1.87327 2.59391
-0.599 -1.86717 2.59638
-0.599 -1.85725 2.59419
-0.599 -1.84735 2.59197
-0.599 -1.84126 2.59437
-0.599 -1.83013 2.59055
-0.599 -1.82531 2.59446
-0.599 -1.81294 2.58902
-0.599 -1.80938 2.59446
-0.599 -1.80081 2.59364
-0.599 -1.79224 2.59279
-0.599 -1.77996 2.58722
-0.599 -1.77019 2.58475
-0.599 -1.76662 2.59011
-0.599 -1.76057 2.59231
-0.599 -1.7496 2.58819
-0.599 -1.74356 2.59035
-0.599 -1.73507 2.58933
-0.599 -1.72538 2.5867
-0.599 -1.723 2.59357
-0.599 -1.71575 2.59408
-0.599 -1.70487 2.58979
-0.599 -1.70367 2.59822
-0.599 -1.69162 2.59228
-0.599 -1.6844 2.5927
-0.599 -1.67718 2.5931
-0.599 -1.66878 2.59187
-0.599 -1.66039 2.59062
-0.599 -1.65557 2.59418
-0.599 -1.64365 2.58805
-0.599 -1.64237 2.59642
-0.599 -1.63166 2.59184
-0.599 -1.62449 2.5921
-0.599 -1.615 2.58909
-0.599 -1.60668 2.58767
-0.599 -1.59955 2.58786
-0.599 -1.59357 2.58966
-0.599 -1.58876 2.59308
-0.599 -1.58163 2.59321
-0.599 -1.5745 2.59333
-0.599 -1.56624 2.59179
-0.599 -1.55572 2.58693
-0.599 -1.55545 2.59685
-0.599 -1.54268 2.58866
-0.599 -1.5356 2.58867
-0.599 -1.53079 2.59196
-0.599 -1.52147 2.58863
-0.599 -1.51777 2.59355
-0.599 -1.51071 2.59349
-0.599 -1.50477 2.59507
-0.599 -1.4955 2.59165
-0.599 -1.48847 2.59153
-0.599 -1.48254 2.59306
-0.599 -1.47662 2.59457
-0.599 -1.4696 2.5944
-0.599 -1.45931 2.58918
-0.599 -1.45231 2.58896
-0.599 -1.44749 2.59208
-0.599 -1.44375 2.59687
-0.599 -1.43353 2.59155
-0.599 -1.42333 2.5862
-0.599 -1.41745 2.58757
-0.599 -1.4137 2.59231
-0.599 -1.40782 2.59366
-0.599 -1.40193 2.59499
-0.599 -1.3971 2.598
-0.599 -1.39121 2.59931
-0.599 -1.37797 2.58869
-0.599 -1.3742 2.59335
-0.599 -1.36833 2.5946
-0.599 -1.35727 2.5873
-0.599 -1.35556 2.59535
-0.599 -1.34867 2.59484
-0.599 -1.34076 2.5926
-0.599 -1.33388 2.59205
-0.599 -1.32599 2.58977
-0.599 -1.32321 2.59607
-0.599 -1.31432 2.59202
-0.599 -1.30748 2.5914
-0.599 -1.30165 2.59249
-0.599 -1.29583 2.59357
-0.599 -1.288 2.59116
-0.599 -1.28119 2.59047
-0.599 -1.27538 2.5915
-0.599 -1.26759 2.58903
-0.599 -1.26277 2.59177
-0.599 -1.25402 2.58752
-0.599 -1.24823 2.58848
-0.599 -1.24342 2.59117
-0.599 -1.2386 2.59386
-0.599 -1.23184 2.59303
-0.599 -1.22509 2.59218
-0.599 -1.21834 2.59132
-0.599 -1.21161 2.59043
-0.599 -1.21155 2.60184
-0.599 -1.20292 2.59742
-0.599 -1.19525 2.59473
-0.599 -1.18948 2.59554
-0.599 -1.18277 2.59458
-0.599 -1.17421 2.59006
-0.599 -1.16939 2.5926
-0.599 -1.16457 2.59513
-0.599 -1.1579 2.5941
-0.599 -1.15031 2.59127
-0.599 -1.14915 2.60087
-0.599 -1.13702 2.58912
-0.599 -1.13402 2.59514
-0.599 -1.1319 2.60295
-0.599 -1.12166 2.59468
-0.599 -1.11414 2.59175
-0.599 -1.10753 2.59058
-0.599 -1.10538 2.59835
-0.599 -1.09612 2.59178
-0.599 -1.09306 2.59775
-0.599 -1.08296 2.58933
-0.599 -1.07727 2.58988
-0.599 -1.07245 2.59221
-0.599 -1.0685 2.59634
-0.599 -1.06194 2.59505
-0.599 -1.05711 2.59735
-0.599 -1.05057 2.59603
-0.599 -1.04233 2.59107
-0.599 -1.03836 2.59514
-0.599 -1.03269 2.59558
-0.599 -1.02786 2.59783
-0.599 -1.02052 2.59461
-0.599 -1.01069 2.58591
-0.599 -1.00671 2.58993
-0.599 -0.999421 2.58665
-0.599 -0.99461 2.58882
-0.599 -0.994699 2.60193
-0.599 -0.987417 2.59862
-0.599 -0.979343 2.59345
-0.599 -0.972907 2.59192
-0.599 -0.964076 2.58487
-0.599 -0.961664 2.59247
-0.599 -0.957636 2.5964
-0.599 -0.948062 2.58746
-0.599 -0.94325 2.58953
-0.599 -0.937651 2.58974
-0.599 -0.932835 2.59178
-0.599 -0.924914 2.58644
-0.599 -0.921646 2.59215
-0.599 -0.912988 2.58492
-0.599 -0.912762 2.598
-0.599 -0.904131 2.59074
-0.599 -0.897045 2.58716
-0.599 -0.895993 2.59838
-0.599 -0.888167 2.59292
-0.599 -0.880367 2.58743
-0.599 -0.876296 2.59121
-0.599 -0.872949 2.59685
-0.599 -0.862991 2.58573
-0.599 -0.858911 2.58947
-0.599 -0.855545 2.59508
-0.599 -0.847114 2.58762
-0.599 -0.844452 2.59508
-0.599 -0.83606 2.58758
-0.599 -0.833375 2.59502
-0.599 -0.825728 2.58936
-0.599 -0.820912 2.59117
-0.599 -0.814699 2.58922
-0.599 -0.80919 2.58912
-0.599 -0.802997 2.58714
-0.599 -0.801612 2.5983
-0.599 -0.791327 2.58501
-0.599 -0.788553 2.59239
-0.599 -0.781037 2.58659
-0.599 -0.774888 2.58454
-0.599 -0.77208 2.5919
-0.599 -0.765936 2.58982
-0.599 -0.759804 2.58772
-0.599 -0.756299 2.59317
-0.599 -0.751476 2.59484
-0.599 -0.744711 2.59081
-0.599 -0.738609 2.58866
-0.599 -0.735709 2.59597
-0.599 -0.728344 2.59
-0.599 -0.724787 2.59541
-0.599 -0.718081 2.5913
-0.599 -0.712018 2.58908
-0.599 -0.706585 2.58875
-0.599 -0.701157 2.58841
-0.599 -0.696344 2.58995
-0.599 -0.692133 2.5934
-0.599 -0.684901 2.5873
-0.599 -0.681286 2.59263
-0.599 -0.674682 2.5884
-0.599 -0.669279 2.58799
-0.599 -0.666811 2.59711
-0.599 -0.659651 2.59094
-0.599 -0.654254 2.59048
-0.599 -0.647141 2.58427
-0.599 -0.645186 2.59529
-0.599 -0.637529 2.58712
-0.599 -0.633842 2.59238
-0.599 -0.626231 2.58418
-0.599 -0.622534 2.58942
-0.599 -0.617169 2.58887
-0.599 -0.614539 2.59794
-0.599 -0.608622 2.59546
-0.599 -0.602718 2.59296
-0.599 -0.596828 2.59044
-0.599 -0.591481 2.58984
-0.599 -0.587191 2.59309
-0.599 -0.581846 2.59247
-0.599 -0.575472 2.58797
-0.599 -0.571687 2.59312
-0.599 -0.564826 2.58666
-0.599 -0.561533 2.59373
-0.599 -0.553199 2.58143
-0.599 -0.549892 2.58848
-0.599 -0.547546 2.5994
-0.599 -0.541242 2.59481
-0.599 -0.533019 2.58244
-0.599 -0.5287 2.58558
-0.599 -0.522939 2.58288
-0.599 -0.519557 2.58988
-0.599 -0.513334 2.58521
-0.599 -0.508528 2.58637
-0.599 -0.505101 2.59335
-0.599 -0.497081 2.58086
-0.599 -0.492737 2.58393
-0.599 -0.489728 2.59283
-0.599 -0.483572 2.58809
-0.599 -0.4792 2.59113
-0.599 -0.473509 2.58831
-0.599 -0.469993 2.59524
-0.599 -0.461741 2.58067
-0.599 -0.457369 2.58367
-0.599 -0.452986 2.58666
-0.599 -0.446929 2.58182
-0.599 -0.445424 2.59849
-0.599 -0.437737 2.5858
-0.599 -0.434544 2.59463
-0.599 -0.42852 2.58974
-0.599 -0.422913 2.5868
-0.599 -0.418495 2.58972
-0.599 -0.414454 2.5946
-0.599 -0.410012 2.59751
-0.599 -0.402149 2.58274
-0.599 -0.399597 2.59545
-0.599 -0.393657 2.59047
-0.599 -0.388474 2.5894
-0.599 -0.383297 2.58833
-0.599 -0.379201 2.59314
-0.599 -0.374378 2.59402
-0.599 -0.369554 2.59488
-0.599 -0.36369 2.58982
-0.599 -0.358191 2.58672
-0.599 -0.35372 2.58952
-0.599 -0.349905 2.59626
-0.599 -0.3431 2.58523
-0.599 -0.338945 2.58998
-0.599 -0.33445 2.59274
-0.599 -0.328994 2.58957
-0.599 -0.324492 2.59231
-0.599 -0.318128 2.58319
-0.599 -0.31424 2.58987
-0.599 -0.310326 2.59654
-0.599 -0.305793 2.59924
-0.599 -0.299205 2.58809
-0.599 -0.295545 2.59671
-0.599 -0.290431 2.59543
-0.599 -0.284485 2.5882
-0.599 -0.279673 2.58887
-0.599 -0.274589 2.58755
-0.599 -0.269244 2.58424
-0.599 -0.264703 2.58687
-0.599 -0.26093 2.59543
-0.599 -0.254574 2.58416
-0.599 -0.24952 2.58279
-0.599 -0.244966 2.58537
-0.599 -0.240645 2.58993
-0.599 -0.235353 2.58654
-0.599 -0.23148 2.59506
-0.599 -0.225735 2.58768
-0.599 -0.220924 2.58823
-0.599 -0.216334 2.59076
-0.599 -0.211299 2.5893
-0.599 -0.207125 2.59579
-0.599 -0.201879 2.59232
-0.599 -0.197468 2.5968
-0.599 -0.192036 2.59133
-0.599 -0.186628 2.58584
-0.599 -0.182206 2.59029
-0.599 -0.177014 2.58677
-0.599 -0.172573 2.5912
-0.599 -0.167036 2.58367
-0.599 -0.162409 2.58609
-0.599 -0.157945 2.5905
-0.599 -0.152794 2.58692
-0.599 -0.147822 2.58533
-0.599 -0.143652 2.59369
-0.599 -0.138055 2.5841
-0.599 -0.134156 2.59643
-0.599 -0.128741 2.58881
-0.599 -0.124213 2.59315
-0.599 -0.119805 2.59948
-0.599 -0.114032 2.58584
-0.599 -0.109485 2.59015
-0.599 -0.104669 2.59045
-0.599 -0.0999745 2.59275
-0.599 -0.0952706 2.59503
-0.599 -0.0902187 2.59132
-0.599 -0.0854006 2.59158
-0.599 -0.0800587 2.58186
-0.599 -0.0756624 2.59009
-0.599 -0.0195154 1.78582
-0.599 -0.0161584 1.77994
-0.599 -0.0126838 1.77006
-0.599 -0.00951899 1.76817
-0.599 -0.00617382 1.76027
-0.599 -0.00333102 1.76836
-0.599 -0.000236738 1.76845
-0.599 0.00260642 1.77853
-0.599 0.00581412 1.77461
-0.599 0.00871202 1.78467
-0.599 0.0207821 2.58492
-0.599 0.0255739 2.58695
-0.599 0.0303826 2.58698
-0.599 0.0351955 2.58499
-0.599 0.04 2.583
-0.599 0.0448129 2.58899
-0.599 0.0496258 2.58898
-0.599 0.0544512 2.59095
-0.599 0.0593017 2.59492
-0.599 0.0640432 2.58687
-0.599 0.0690024 2.59882
-0.599 0.0737479 2.59275
-0.599 0.0787026 2.60068
-0.599 0.0833137 2.58859
-0.599 0.088377 2.60049
-0.599 0.0931217 2.59639
-0.599 0.097749 2.58827
-0.599 0.102451 2.58415
-0.599 0.107313 2.58601
-0.599 0.112433 2.59586
-0.599 0.117059 2.58971
-0.599 0.122016 2.59354
-0.599 0.126914 2.59536
-0.599 0.131819 2.59717
-0.599 0.136398 2.59098
-0.599 0.141478 2.59677
-0.599 0.146492 2.60055
-0.599 0.151425 2.60232
-0.599 0.155863 2.59409
-0.599 0.160896 2.59783
-0.599 0.165183 2.58759
-0.599 0.170897 2.6033
-0.599 0.174802 2.58705
-0.599 0.180217 2.59674
-0.599 0.184418 2.58646
-0.599 0.189355 2.58815
-0.599 0.194434 2.59182
-0.599 0.199391 2.59349
-0.599 0.204213 2.59315
-0.599 0.208887 2.59081
-0.599 0.213553 2.58845
-0.599 0.218984 2.59606
-0.599 0.223334 2.5897
-0.599 0.227985 2.58732
-0.599 0.232961 2.58891
-0.599 0.237602 2.58651
-0.599 0.242409 2.58609
-0.599 0.247575 2.58965
-0.599 0.253493 2.60116
-0.599 0.257767 2.59473
-0.599 0.262206 2.59029
-0.599 0.266628 2.58584
-0.599 0.272438 2.59531
-0.599 0.277058 2.59282
-0.599 0.281879 2.59232
-0.599 0.286272 2.58783
-0.599 0.291299 2.5893
-0.599 0.295891 2.58678
-0.599 0.301827 2.59618
-0.599 0.306424 2.59364
-0.599 0.311012 2.59109
-0.599 0.315829 2.59052
-0.599 0.32016 2.58596
-0.599 0.325952 2.59331
-0.599 0.330773 2.59271
-0.599 0.335593 2.59209
-0.599 0.34093 2.59543
-0.599 0.344966 2.58885
-0.599 0.350847 2.59614
-0.599 0.355403 2.5935
-0.599 0.359949 2.59085
-0.599 0.365604 2.59612
-0.599 0.370148 2.59345
-0.599 0.375257 2.59473
-0.599 0.379497 2.59007
-0.599 0.384608 2.59133
-0.599 0.390627 2.59851
-0.599 0.395154 2.5958
-0.599 0.400598 2.599
-0.599 0.404492 2.59231
-0.599 0.409628 2.59352
-0.599 0.414129 2.59077
-0.599 0.41992 2.5959
-0.599 0.423759 2.58918
-0.599 0.428238 2.5864
-0.599 0.43372 2.58952
-0.599 0.438533 2.58869
-0.599 0.444728 2.59573
-0.599 0.449204 2.59291
-0.599 0.454024 2.59205
-0.599 0.459201 2.59314
-0.599 0.464746 2.5962
-0.599 0.469207 2.59333
-0.599 0.474028 2.59243
-0.599 0.479222 2.59348
-0.599 0.484422 2.59452
-0.599 0.489629 2.59555
-0.599 0.494841 2.59656
-0.599 0.498495 2.58972
-0.599 0.503704 2.59072
-0.599 0.510117 2.59758
-0.599 0.514544 2.59463
-0.599 0.518552 2.58972
-0.599 0.522954 2.58675
-0.599 0.52984 2.59552
-0.599 0.533406 2.58862
-0.599 0.538217 2.58758
-0.599 0.543026 2.58653
-0.599 0.549561 2.59328
-0.599 0.553945 2.59026
-0.599 0.55876 2.58918
-0.599 0.564017 2.59004
-0.599 0.568382 2.58699
-0.599 0.574547 2.59172
-0.599 0.580278 2.59449
-0.599 0.586023 2.59724
-0.599 0.588528 2.58637
-0.599 0.594272 2.5891
-0.599 0.599084 2.58794
-0.599 0.606755 2.59841
-0.599 0.609662 2.58946
-0.599 0.61496 2.5902
-0.599 0.620753 2.59287
-0.599 0.625573 2.59165
-0.599 0.632877 2.6001
-0.599 0.635706 2.59111
-0.599 0.641533 2.59373
-0.599 0.647883 2.59827
-0.599 0.651173 2.59119
-0.599 0.65806 2.59763
-0.599 0.662368 2.5944
-0.599 0.667716 2.59502
-0.599 0.67307 2.59563
-0.599 0.675761 2.58659
-0.599 0.682718 2.59296
-0.599 0.68808 2.59353
-0.599 0.693993 2.59602
-0.599 0.696619 2.58695
-0.599 0.704196 2.59518
-0.599 0.707905 2.58994
-0.599 0.717214 2.60389
-0.599 0.719227 2.59288
-0.599 0.722906 2.58762
-0.599 0.729437 2.59193
-0.599 0.735989 2.59623
-0.599 0.740233 2.59285
-0.599 0.746225 2.5952
-0.599 0.751639 2.59563
-0.599 0.757058 2.59604
-0.599 0.760688 2.59072
-0.599 0.766707 2.59302
-0.599 0.773345 2.59721
-0.599 0.775734 2.58805
-0.599 0.784841 2.59983
-0.599 0.789675 2.59826
-0.599 0.793884 2.59479
-0.599 0.798081 2.5913
-0.599 0.802897 2.58971
-0.599 0.809612 2.5938
-0.599 0.815071 2.59408
-0.599 0.821177 2.59624
-0.599 0.825357 2.5927
-0.599 0.830826 2.59294
-0.599 0.836299 2.59317
-0.599 0.842435 2.59528
-0.599 0.848582 2.59737
-0.599 0.852745 2.59378
-0.599 0.856897 2.59019
-0.599 0.863731 2.59412
-0.599 0.86923 2.59428
-0.599 0.87746 2.60194
-0.599 0.882298 2.60018
-0.599 0.886443 2.59653
-0.599 0.891963 2.59663
-0.599 0.89679 2.59484
-0.599 0.905119 2.6024
-0.599 0.909253 2.59872
-0.599 0.914793 2.59876
-0.599 0.919625 2.59692
-0.599 0.927319 2.60255
-0.599 0.929276 2.59322
-0.599 0.934096 2.59135
-0.599 0.938911 2.58947
-0.599 0.946653 2.59503
-0.599 0.952213 2.59499
-0.599 0.955556 2.58935
-0.599 0.964088 2.59671
-0.599 0.967419 2.59106
-0.599 0.975241 2.59653
-0.599 0.981579 2.59827
-0.599 0.987929 2.59999
-0.599 0.993526 2.59985
-0.599 0.99529 2.59046
-0.599 1.00242 2.59399
-0.599 1.00646 2.59013
-0.599 1.01439 2.59547
-0.599 1.02078 2.5971
-0.599 1.02482 2.5932
-0.599 1.02806 2.58746
-0.599 1.03525 2.59089
-0.599 1.04007 2.5888
-0.599 1.04889 2.59586
-0.599 1.05452 2.59558
-0.599 1.05934 2.59345
-0.599 1.06335 2.58948
-0.599 1.0698 2.59098
-0.599 1.07543 2.59064
-0.599 1.08107 2.59029
-0.599 1.0892 2.59539
-0.599 1.09486 2.595
-0.599 1.10052 2.59461
-0.599 1.10534 2.59238
-0.599 1.11606 2.60284
-0.599 1.11751 2.59333
-0.599 1.12574 2.59831
-0.599 1.13057 2.59603
-0.599 1.13539 2.59374
-0.599 1.14194 2.59505
-0.599 1.14503 2.58913
-0.599 1.15332 2.59402
-0.599 1.16164 2.59887
-0.599 1.16735 2.59832
-0.599 1.17218 2.59595
-0.599 1.17789 2.59537
-0.599 1.18538 2.59835
-0.599 1.18932 2.59416
-0.599 1.19952 2.60247
-0.599 1.20256 2.59647
-0.599 1.20829 2.59581
-0.599 1.21674 2.60049
-0.599 1.22158 2.59802
-0.599 1.22458 2.59198
-0.599 1.22939 2.5895
-0.599 1.23697 2.59232
-0.599 1.24364 2.59336
-0.599 1.24846 2.59083
-0.599 1.25981 2.60067
-0.599 1.26652 2.60165
-0.599 1.27042 2.59731
-0.599 1.27336 2.5912
-0.599 1.28292 2.59742
-0.599 1.28965 2.59833
-0.599 1.29448 2.5957
-0.599 1.30314 2.60009
-0.599 1.30701 2.59569
-0.599 1.31087 2.59128
-0.599 1.3186 2.59386
-0.599 1.33121 2.60515
-0.599 1.33019 2.59197
-0.599 1.33795 2.59449
-0.599 1.34573 2.59699
-0.599 1.35352 2.59946
-0.599 1.36332 2.60539
-0.599 1.36218 2.59221
-0.599 1.377 2.60675
-0.599 1.37783 2.59703
-0.599 1.38367 2.59595
-0.599 1.3895 2.59485
-0.599 1.39432 2.59202
-0.599 1.40525 2.59951
-0.599 1.4111 2.59836
-0.599 1.41593 2.59549
-0.599 1.42487 2.59946
-0.599 1.43074 2.59827
-0.599 1.44178 2.60562
-0.599 1.44247 2.59584
-0.599 1.4452 2.58949
-0.599 1.45211 2.58995
-0.599 1.45797 2.58869
-0.599 1.46805 2.59421
-0.599 1.47922 2.6014
-0.599 1.47875 2.5899
-0.599 1.48888 2.59535
-0.599 1.4937 2.59231
-0.599 1.50388 2.5977
-0.599 1.50656 2.59126
-0.599 1.51461 2.59324
-0.599 1.52051 2.59182
-0.599 1.52967 2.59544
-0.599 1.53667 2.59567
-0.599 1.54477 2.59755
-0.599 1.55508 2.60276
-0.599 1.55552 2.5929
-0.599 1.56365 2.59472
-0.599 1.574 2.59986
-0.599 1.57661 2.59331
-0.599 1.58477 2.59507
-0.599 1.59183 2.59515
-0.599 1.59777 2.59355
-0.599 1.60372 2.59194
-0.599 1.61079 2.59196
-0.599 1.619 2.59362
-0.599 1.62381 2.5903
-0.599 1.63318 2.59356
-0.599 1.64256 2.59679
-0.599 1.6451 2.59015
-0.599 1.6591 2.59988
-0.599 1.66508 2.59812
-0.599 1.66644 2.58981
-0.599 1.68052 2.59944
-0.599 1.68187 2.59112
-0.599 1.69251 2.5958
-0.599 1.69616 2.59071
-0.599 1.70449 2.5921
-0.599 1.71166 2.59184
-0.599 1.71648 2.58834
-0.599 1.72365 2.58805
-0.599 1.7332 2.59096
-0.599 1.74158 2.59223
-0.599 1.75117 2.59509
-0.599 1.75479 2.58989
-0.599 1.762 2.5895
-0.599 1.77282 2.59388
-0.599 1.77764 2.59024
-0.599 1.78487 2.58979
-0.599 1.79211 2.58931
-0.599 1.80178 2.59198
-0.599 1.81269 2.59622
-0.599 1.81996 2.59566
-0.599 1.83214 2.60141
-0.599 1.8382 2.59923
-0.599 1.8455 2.59861
-0.599 1.85033 2.59483
-0.599 1.86382 2.60202
-0.599 1.86742 2.59663
-0.599 1.86975 2.58966
-0.599 1.88205 2.5952
-0.599 1.88938 2.59446
-0.599 1.89797 2.59525
-0.599 1.90908 2.59912
-0.599 1.91139 2.5921
-0.599 1.92253 2.59592
-0.599 1.93623 2.6028
-0.599 1.93853 2.59573
-0.599 1.951 2.601
-0.599 1.95839 2.60007
-0.599 1.96194 2.59451
-0.599 1.97318 2.59814
-0.599 1.98058 2.59715
-0.599 1.99315 2.60225
-0.599 1.9967 2.59663
-0.599 2.00541 2.59709
-0.599 2.01154 2.59449
-0.599 2.01636 2.59035
-0.599 2.03293 2.59983
-0.599 2.03776 2.59566
-0.599 2.05178 2.60203
-0.599 2.05793 2.59931
-0.599 2.06144 2.59358
-0.599 2.07023 2.59384
-0.599 2.08035 2.59557
-0.599 2.08517 2.5913
-0.599 2.09664 2.59447
-0.599 2.10547 2.59462
-0.599 2.10761 2.58732
-0.599 2.11778 2.58892
-0.599 2.132 2.59492
-0.599 2.13817 2.59202
-0.599 2.14974 2.59499
-0.599 2.15862 2.59498
-0.599 2.16751 2.59495
-0.599 2.17641 2.59489
-0.599 2.18805 2.59773
-0.599 2.20107 2.60199
-0.599 2.20591 2.59746
-0.599 2.21759 2.60019
-0.599 2.22655 2.59998
-0.599 2.23414 2.5983
-0.599 2.24587 2.60093
-0.599 2.24932 2.59486
-0.599 2.26108 2.59743
-0.599 2.26729 2.59421
-0.599 2.28326 2.60102
-0.599 2.29787 2.60634
-0.599 2.29711 2.59589
-0.599 2.32017 2.60969
-0.599 2.31799 2.5978
-0.599 2.33127 2.60154
-0.599 2.33751 2.59816
-0.599 2.35082 2.60182
-0.599 2.35566 2.59698
-0.599 2.36474 2.59635
-0.599 2.37241 2.59429
-0.599 2.38864 2.60062
-0.599 2.4049 2.60689
-0.599 2.40402 2.59634
-0.599 2.41602 2.59835
-0.599 2.42516 2.59754
-0.599 2.43287 2.59532
-0.599 2.44057 2.59307
-0.599 2.45841 2.60047
-0.599 2.46614 2.59815
-0.599 2.47242 2.59444
-0.599 2.48888 2.60032
-0.599 2.501 2.60203
-0.599 2.50729 2.59824
-0.599 2.51505 2.59579
-0.599 2.52867 2.59876
-0.599 2.54084 2.60033
-0.599 2.5442 2.59373
-0.599 2.55787 2.59659
-0.599 2.57156 2.59939
-0.599 2.56454 2.58333
-0.599 2.56489 2.57401
-0.599 2.56669 2.56604
-0.599 2.56847 2.55808
-0.599 2.56277 2.54345
-0.599 2.563 2.53418
-0.599 2.5632 2.52491
-0.599 2.57087 2.52227
-0.599 2.56051 2.50377
-0.599 2.56364 2.49717
-0.599 2.56976 2.49319
-0.599 2.56379 2.47872
-0.599 2.56231 2.4682
-0.599 2.56838 2.46421
-0.599 2.56381 2.45111
-0.599 2.56376 2.44193
-0.599 2.56368 2.43275
-0.599 2.56511 2.42488
-0.599 2.56804 2.4183
-0.599 2.56636 2.40786
-0.599 2.56772 2.40001
-0.599 2.56905 2.39215
-0.599 2.57653 2.3894
-0.599 2.5732 2.37772
-0.599 2.56674 2.36354
-0.599 2.57262 2.3595
-0.599 2.5723 2.35041
-0.599 2.56572 2.33629
-0.599 2.57 2.331
-0.599 2.57427 2.32569
-0.599 2.57228 2.31539
-0.599 2.57495 2.30883
-0.599 2.57133 2.29731
-0.599 2.56925 2.28705
-0.599 2.5687 2.27804
-0.599 2.56813 2.26904
-0.599 2.57069 2.26251
-0.599 2.57482 2.25721
-0.599 2.56627 2.24211
-0.599 2.57352 2.23926
-0.599 2.57442 2.23151
-0.599 2.56893 2.21893
-0.599 2.57137 2.21242
-0.599 2.5722 2.2047
-0.599 2.5746 2.19819
-0.599 2.56419 2.18208
-0.599 2.56814 2.17679
-0.599 2.56888 2.16911
-0.599 2.56959 2.16143
-0.599 2.56867 2.15257
-0.599 2.56449 2.14136
-0.599 2.57321 2.1396
-0.599 2.56899 2.12842
-0.599 2.56797 2.1196
-0.599 2.55719 2.10378
-0.599 2.56585 2.102
-0.599 2.5729 2.09903
-0.599 2.56201 2.0833
-0.599 2.56902 2.08032
-0.599 2.56622 2.07041
-0.599 2.56012 2.05823
-0.599 2.57037 2.05753
-0.599 2.57078 2.04994
-0.599 2.56459 2.03781
-0.599 2.5666 2.03138
-0.599 2.56694 2.02382
-0.599 2.57221 2.01965
-0.599 2.57252 2.0121
-0.599 2.56949 2.00231
-0.599 2.56478 1.99142
-0.599 2.57332 1.98947
-0.599 2.57188 1.98083
-0.599 2.57041 1.9722
-0.599 2.57393 1.9669
-0.599 2.57075 1.95719
-0.599 2.56922 1.9486
-0.599 2.56766 1.94002
-0.599 2.57111 1.93472
-0.599 2.56279 1.92182
-0.599 2.56452 1.91545
-0.599 2.56791 1.91016
-0.599 2.56624 1.90163
-0.599 2.56961 1.89634
-0.599 2.57296 1.89104
-0.599 2.57123 1.88253
-0.599 2.56099 1.86874
-0.599 2.57108 1.86769
-0.599 2.56758 1.85817
-0.599 2.56575 1.84972
-0.599 2.57071 1.84547
-0.599 2.57226 1.83912
-0.599 2.56866 1.82966
-0.599 2.56161 1.81814
-0.599 2.56823 1.81492
-0.599 2.56627 1.80654
-0.599 2.56772 1.80022
-0.599 2.56572 1.79186
-0.599 2.57058 1.78758
-0.599 2.57026 1.78025
-0.599 2.5682 1.77191
-0.599 2.57302 1.76762
-0.599 2.57092 1.7593
-0.599 2.57399 1.754
-0.599 2.56838 1.74371
-0.599 2.57141 1.73841
-0.599 2.56401 1.72717
-0.599 2.56875 1.72287
-0.599 2.57349 1.71855
-0.599 2.57124 1.7103
-0.599 2.57421 1.705
-0.599 2.57192 1.69678
-0.599 2.5626 1.6847
-0.599 2.56902 1.68134
-0.599 2.56491 1.6722
-0.599 2.57131 1.66882
-0.599 2.57067 1.66161
-0.599 2.56649 1.65251
-0.599 2.57463 1.65006
-0.599 2.57394 1.64286
-0.599 2.5697 1.6338
-0.599 2.56897 1.62663
-0.599 2.57353 1.62226
-0.599 2.56745 1.61232
-0.599 2.56844 1.6061
-0.599 2.57297 1.60172
-0.599 2.57037 1.59367
-0.599 2.56953 1.58654
-0.599 2.56868 1.57942
-0.599 2.57315 1.57503
-0.599 2.56869 1.56612
-0.599 2.57136 1.56082
-0.599 2.56864 1.55284
-0.599 2.56949 1.54665
-0.599 2.56673 1.53869
-0.599 2.57293 1.53516
-0.599 2.57374 1.52898
-0.599 2.56553 1.51842
-0.599 2.5681 1.51313
-0.599 2.56885 1.50696
-0.599 2.56597 1.49908
-0.599 2.57392 1.49636
-0.599 2.5674 1.48677
-0.599 2.5699 1.48148
-0.599 2.56695 1.47363
-0.599 2.56942 1.46834
-0.599 2.56644 1.46052
-0.599 2.5707 1.45606
-0.599 2.57313 1.45076
-0.599 2.56463 1.44048
-0.599 2.5725 1.43766
-0.599 2.57125 1.43071
-0.599 2.56633 1.42214
-0.599 2.56504 1.41522
-0.599 2.56739 1.40993
-0.599 2.57522 1.40705
-0.599 2.56839 1.39773
-0.599 2.5652 1.39004
-0.599 2.56933 1.38554
-0.599 2.57162 1.38024
-0.599 2.57573 1.37572
-0.599 2.56696 1.36571
-0.599 2.56552 1.35886
-0.599 2.57697 1.35744
-0.599 2.56443 1.34596
-0.599 2.56848 1.34144
-0.599 2.57068 1.33614
-0.599 2.56731 1.32856
-0.599 2.56763 1.32251
-0.599 2.57164 1.31796
-0.599 2.57934 1.3149
-0.599 2.57034 1.30512
-0.599 2.57618 1.30129
-0.599 2.57643 1.29524
-0.599 2.57481 1.28846
-0.599 2.56944 1.28024
-0.599 2.57337 1.27566
-0.599 2.57169 1.26892
-0.599 2.57187 1.26289
-0.599 2.56643 1.25474
-0.599 2.57405 1.25157
-0.599 2.57231 1.24485
-0.599 2.57243 1.23884
-0.599 2.57441 1.23354
-0.599 2.57263 1.22684
-0.599 2.57834 1.22291
-0.599 2.5784 1.21691
-0.599 2.5747 1.20955
-0.599 2.57473 1.20356
-0.599 2.57664 1.19825
-0.599 2.56346 1.18758
-0.599 2.56533 1.18229
-0.599 2.56908 1.17766
-0.599 2.57093 1.17236
-0.599 2.58033 1.16967
-0.599 2.57649 1.1624
-0.599 2.5821 1.15838
-0.599 2.57065 1.14856
-0.599 2.57244 1.14326
-0.599 2.5856 1.14176
-0.599 2.57219 1.13138
-0.599 2.57204 1.12545
-0.599 2.57759 1.12139
-0.599 2.57742 1.11546
-0.599 2.57724 1.10953
-0.599 2.57514 1.10299
-0.599 2.57111 1.09586
-0.599 2.57089 1.08996
-0.599 2.57255 1.08465
-0.599 2.57421 1.07935
-0.599 2.57395 1.07345
-0.599 2.57175 1.06697
-0.599 2.57529 1.06225
-0.599 2.5769 1.05693
-0.599 2.57658 1.05105
-0.599 2.57817 1.04573
-0.599 2.57015 1.03758
-0.599 2.57747 1.03397
-0.599 2.5771 1.02809
-0.599 2.57479 1.02167
-0.599 2.58016 1.01746
-0.599 2.5759 1.0105
-0.599 2.57163 1.00356
-0.599 2.58082 1.00041
-0.599 2.56881 0.991351
-0.599 2.57413 0.987112
-0.599 2.57944 0.982855
-0.599 2.58088 0.977535
-0.599 2.57266 0.969624
-0.599 2.57407 0.964318
-0.599 2.56968 0.95748
-0.599 2.57881 0.954203
-0.599 2.57245 0.946878
-0.599 2.57188 0.941075
-0.599 2.57711 0.936758
-0.599 2.57458 0.930464
-0.599 2.57591 0.925154
-0.599 2.57529 0.919361
-0.599 2.57078 0.912618
-0.599 2.57013 0.906843
-0.599 2.57141 0.901543
-0.599 2.57658 0.89717
-0.599 2.56811 0.889552
-0.599 2.57325 0.885169
-0.599 2.57644 0.880315
-0.599 2.56792 0.872758
-0.599 2.57109 0.867907
-0.599 2.56839 0.861724
-0.599 2.58129 0.859045
-0.599 2.57661 0.852425
-0.599 2.56802 0.84497
-0.599 2.57308 0.840522
-0.599 2.57227 0.834796
-0.599 2.57927 0.830739
-0.599 2.56865 0.822949
-0.599 2.56976 0.817652
-0.599 2.57086 0.812352
-0.599 2.57782 0.808249
-0.599 2.57498 0.802142
-0.599 2.57605 0.796831
-0.599 2.58102 0.792293
-0.599 2.57225 0.785055
-0.599 2.57525 0.780129
-0.599 2.5743 0.774444
-0.599 2.57138 0.768394
-0.599 2.57434 0.763457
-0.599 2.57335 0.757786
-0.599 2.57826 0.753196
-0.599 2.57332 0.746816
-0.599 2.57624 0.741859
-0.599 2.58112 0.737238
-0.599 2.57219 0.730206
-0.599 2.57705 0.725577
-0.599 2.57993 0.720596
-0.599 2.57885 0.714946
-0.599 2.57776 0.709303
-0.599 2.57665 0.703666
-0.599 2.57751 0.698352
-0.599 2.58033 0.693349
-0.599 2.57327 0.686793
-0.599 2.58595 0.683314
-0.599 2.5749 0.676178
-0.599 2.57175 0.670276
-0.599 2.58045 0.666141
-0.599 2.57727 0.660244
-0.599 2.57606 0.654645
-0.599 2.57088 0.648493
-0.599 2.57558 0.643743
-0.599 2.56839 0.637346
-0.599 2.58298 0.633921
-0.599 2.57576 0.627542
-0.599 2.58043 0.622748
-0.599 2.57318 0.616407
-0.599 2.57386 0.611101
-0.599 2.57651 0.60604
-0.599 2.56724 0.599515
-0.599 2.57781 0.595412
-0.599 2.57844 0.590096
-0.599 2.57509 0.58432
-0.599 2.57967 0.579461
-0.599 2.57828 0.57392
-0.599 2.57688 0.568385
-0.599 2.57348 0.562645
-0.599 2.57205 0.55713
-0.599 2.57857 0.55244
-0.599 2.57911 0.547123
-0.599 2.57766 0.541608
-0.599 2.57618 0.5361
-0.599 2.57271 0.530412
-0.599 2.58117 0.525843
-0.599 2.5717 0.519621
-0.599 2.58014 0.515021
-0.599 2.56865 0.508671
-0.599 2.57109 0.503542
-0.599 2.57352 0.498403
-0.599 2.58193 0.493733
-0.599 2.57637 0.487944
-0.599 2.57877 0.482782
-0.599 2.57916 0.477464
-0.599 2.57556 0.471861
-0.599 2.56995 0.466136
-0.599 2.57829 0.461373
-0.599 2.58064 0.456186
-0.599 2.58098 0.450865
-0.599 2.57532 0.445178
-0.599 2.57763 0.439985
-0.599 2.57394 0.434444
-0.599 2.57624 0.429246
-0.599 2.57852 0.424038
-0.599 2.57479 0.41852
-0.599 2.57705 0.413307
-0.599 2.57531 0.407901
-0.599 2.57355 0.402503
-0.599 2.57777 0.397364
-0.599 2.57 0.391731
-0.599 2.5782 0.386733
-0.599 2.57439 0.381274
-0.599 2.57658 0.376033
-0.599 2.57275 0.370595
-0.599 2.58091 0.365525
-0.599 2.56906 0.359876
-0.599 2.5712 0.354629
-0.599 2.56933 0.349282
-0.599 2.57344 0.344068
-0.599 2.57355 0.338762
-0.599 2.57164 0.333422
-0.599 2.57373 0.328149
-0.599 2.5738 0.322842
-0.599 2.57586 0.317556
-0.599 2.57391 0.312229
-0.599 2.56795 0.306884
-0.599 2.57598 0.301623
-0.599 2.56799 0.296295
-0.599 2.568 0.291
