0.795814 1.36041 0.0690198
0.809195 1.36723 0.0685905
0.94759 1.36553 0.0660231
0.909738 1.38842 0.0661404
0.935977 1.37964 0.0658699
0.889581 1.412 0.0658733
0.966315 1.41809 0.0749036
0.954999 1.43469 0.0747328
1.10999 4.47424 0.0738809
1.00574 4.53081 0.0738496
0.978452 4.61007 0.0733728
0.647899 4.79661 0.073112
0.961272 4.78383 0.0721742
0.569671 4.8021 0.0733079
0.609167 4.80969 0.073134
0.687895 4.81133 0.0728799
0.727539 4.81667 0.0727153
0.92577 4.82132 0.0720238
0.531644 4.84797 0.0730856
0.769243 4.84443 0.0723804
0.810331 4.86127 0.0721232
0.889091 4.85085 0.071935
0.85206 4.88099 0.0718411
0.79762 1.36528 0.0783721
0.821466 1.36998 0.077953
0.960084 1.36589 0.0760558
0.817196 1.38938 0.0874076
0.884001 1.39767 0.0866618
0.904296 1.39385 0.0797029
0.926886 1.39939 0.0862157
1.0338 1.39421 0.0888485
1.05068 1.39297 0.0959789
0.799921 1.4053 0.0873064
0.808299 1.40745 0.0937733
0.839987 1.4049 0.091957
0.867373 1.41247 0.0886411
0.886162 1.40292 0.0865328
0.913704 1.40622 0.0931317
0.935497 1.40497 0.0886421
0.96343 1.41159 0.090994
0.98522 1.40435 0.0909202
1.01197 1.40652 0.0906904
1.02928 1.40203 0.0960309
1.06995 1.40359 0.0958059
0.800137 1.44092 0.0968577
0.795864 1.46432 0.0967111
0.798482 1.51179 0.0963641
0.801712 1.56419 0.095979
0.793854 1.58081 0.0903993
0.799939 1.64927 0.0838685
0.805562 1.66953 0.0952147
0.805367 1.77386 0.0882634
0.795756 1.79251 0.0881231
0.788607 1.82289 0.0814944
0.790241 1.86106 0.0874272
0.794253 1.91111 0.0935351
0.843309 1.39815 0.116857
0.890405 1.39857 0.111989
0.914545 1.39876 0.117192
0.935808 1.39193 0.117248
0.963382 1.39817 0.117425
0.811709 1.40621 0.111838
0.838299 1.40549 0.110237
0.864744 1.40852 0.111959
0.881512 1.40598 0.111988
0.908954 1.40445 0.110326
0.932083 1.40172 0.110364
0.957087 1.40241 0.110399
0.98564 1.40512 0.112228
1.01267 1.4078 0.112316
1.03866 1.40729 0.112383
1.06696 1.41027 0.112468
0.801177 1.44412 0.111946
0.801539 1.48249 0.112081
0.799284 1.5144 0.112185
0.802109 1.56551 0.112367
0.795028 1.58477 0.112427
0.804087 1.66408 0.112733
0.799238 1.69648 0.118734
0.802226 1.76131 0.11302
0.795282 1.79033 0.113126
0.799081 1.86675 0.113402
0.795733 1.91755 0.113597
0.796201 1.98974 0.113823
0.785187 2.01282 0.106868
0.792836 2.04957 0.121183
0.780662 2.07065 0.106864
1.07014 4.45927 0.106686
1.10673 4.45389 0.106687
1.03583 4.47869 0.106685
1.00381 4.51616 0.106681
0.973251 4.56908 0.106677
0.961944 4.78866 0.10666
0.928091 4.8413 0.106656
0.532223 4.86696 0.106643
0.571942 4.86617 0.106644
0.611395 4.85983 0.106646
0.651933 4.87362 0.106647
0.691229 4.86556 0.106649
0.77082 4.8637 0.106651
0.88952 4.85411 0.106654
0.732878 4.89342 0.106648
0.813544 4.8977 0.106649
0.852789 4.88773 0.106651
0.842212 1.39605 0.146631
0.889972 1.39799 0.137404
0.910306 1.39877 0.141113
0.936722 1.39435 0.138006
0.963348 1.39823 0.127943
0.812922 1.41033 0.136601
0.838253 1.4037 0.134797
0.8639 1.40682 0.137209
0.879662 1.40185 0.137328
0.907401 1.40114 0.134293
0.927821 1.40177 0.138017
0.957493 1.40197 0.140572
0.983732 1.40159 0.138838
1.0122 1.40712 0.133967
1.0386 1.40739 0.134308
1.06534 1.40758 0.134652
0.795641 1.42771 0.141706
0.800921 1.44357 0.127057
0.793216 1.45691 0.147455
0.800437 1.4794 0.132718
0.797952 1.51071 0.138471
0.792542 1.53408 0.149602
0.798865 1.55513 0.139445
0.801664 1.56428 0.128746
0.797396 1.59367 0.134684
0.800824 1.65273 0.135741
0.79841 1.69391 0.136438
0.795342 1.73523 0.143196
0.800743 1.75587 0.131425
0.793781 1.78493 0.137982
0.785821 1.81172 0.144698
0.798335 1.86404 0.132928
0.791467 1.89994 0.146634
0.794187 1.91123 0.13356
0.792761 2.0497 0.135504
1.13676 4.41188 0.139149
1.03366 4.46444 0.139142
1.06885 4.4515 0.139179
1.10667 4.45399 0.139334
0.999071 4.48236 0.139144
0.9987 4.767 0.14116
0.925775 4.82131 0.141291
0.966054 4.82355 0.141446
0.888747 4.84744 0.141348
0.532233 4.87095 0.140368
0.571856 4.86632 0.140455
0.611311 4.85998 0.140532
0.691149 4.8657 0.140823
0.731454 4.87388 0.141012
0.770742 4.86384 0.141068
0.652039 4.87744 0.140782
0.813467 4.89784 0.141452
0.852713 4.88786 0.141513
0.819832 1.39881 0.166026
0.841347 1.39455 0.161463
0.866375 1.3992 0.162272
0.890033 1.39922 0.162884
0.907937 1.39921 0.168486
0.937493 1.39702 0.164048
0.963501 1.39997 0.170138
0.786101 1.41723 0.165853
0.809589 1.40855 0.160229
0.832943 1.4031 0.161584
0.856342 1.40357 0.162186
0.879714 1.40309 0.162763
0.909804 1.40297 0.15838
0.927572 1.4022 0.163976
0.956757 1.40298 0.16303
0.984511 1.40408 0.165592
1.01376 1.41092 0.16123
1.0389 1.4087 0.161785
1.06562 1.40876 0.162504
0.781789 1.4397 0.161738
0.773999 1.47219 0.167905
0.785431 1.47039 0.157907
0.780762 1.49448 0.158651
0.772622 1.50858 0.169403
0.781525 1.53916 0.160234
0.773051 1.55384 0.171322
0.790402 1.56978 0.150567
0.77443 1.76545 0.168066
1.02716 4.4217 0.170947
1.13657 4.41219 0.171615
1.06744 4.44394 0.171557
1.1029 4.43251 0.171653
0.99754 4.47301 0.171463
0.571529 4.86488 0.174248
0.611133 4.86229 0.174453
0.690468 4.85887 0.1749
0.532157 4.87908 0.174215
0.651785 4.87788 0.174927
0.819448 1.39947 0.18581
0.835935 1.39452 0.188109
0.889128 1.39879 0.18834
0.935919 1.39474 0.184694
0.962831 1.39913 0.180636
0.769009 1.41884 0.185141
0.789087 1.40656 0.18635
0.809292 1.40307 0.185636
0.832476 1.40291 0.176497
0.861645 1.40405 0.187607
0.880069 1.40581 0.188385
0.909212 1.40367 0.18936
0.927011 1.40217 0.184747
0.956577 1.40396 0.187697
0.985666 1.40758 0.187201
1.00976 1.40435 0.18795
1.03889 1.40989 0.189347
1.06553 1.40975 0.19039
0.773043 1.47118 0.188213
0.767369 1.49168 0.184008
0.769419 1.55746 0.185735
0.768058 1.58449 0.194418
0.769972 1.63984 0.186219
0.763554 1.66729 0.193191
0.768885 1.74405 0.185326
0.763225 1.77986 0.186809
0.76772 1.86507 0.190866
0.763784 1.91589 0.186463
0.770252 2.02468 0.191256
1.00017 4.78045 0.175864
0.888521 4.84784 0.176051
0.925927 4.82505 0.175983
0.967428 4.83717 0.176442
0.770639 4.86601 0.175519
0.731943 4.88504 0.175542
0.812634 4.89128 0.176159
0.852643 4.88998 0.176409
0.83688 1.39728 0.209582
0.888688 1.39955 0.208806
0.924487 1.39954 0.220926
0.932219 1.39515 0.207997
0.768706 1.42203 0.214838
0.786712 1.40729 0.214557
0.814275 1.40394 0.210663
0.830191 1.40087 0.216174
0.861476 1.40618 0.213072
0.881942 1.40323 0.21557
0.908607 1.40455 0.215278
0.925239 1.40024 0.210593
0.957928 1.40429 0.212473
0.984808 1.40773 0.214051
1.00911 1.40447 0.20963
1.04072 1.41473 0.211818
1.06376 1.40782 0.212539
0.771694 1.47019 0.213585
0.766349 1.49345 0.220241
0.769858 1.50337 0.205524
0.771226 1.553 0.214284
0.768138 1.58735 0.211078
0.768576 1.63859 0.214545
0.765653 1.67965 0.217191
0.768618 1.74552 0.203542
0.770277 1.75464 0.216306
0.763732 1.78598 0.21191
0.767364 1.86769 0.216909
0.765598 1.92775 0.207089
0.770178 2.02781 0.212558
1.09697 4.39879 0.203359
1.02684 4.42226 0.203094
1.13733 4.41888 0.204239
1.06492 4.4303 0.203683
0.997213 4.47358 0.203872
0.998132 4.76798 0.210188
0.96547 4.82456 0.211054
0.886921 4.83661 0.210502
0.925555 4.82569 0.210666
0.571343 4.87321 0.208237
0.610385 4.85558 0.208215
0.651174 4.87493 0.209009
0.531706 4.87986 0.208024
0.691025 4.87591 0.209408
0.730802 4.87501 0.209772
0.770744 4.87583 0.21018
0.812238 4.89196 0.210935
0.852254 4.89065 0.211309
0.81638 1.39879 0.245141
0.840374 1.39923 0.231616
0.863587 1.39969 0.238079
0.886859 1.39872 0.239414
0.938871 1.39663 0.23545
0.768078 1.42445 0.239736
0.785415 1.40742 0.239134
0.812141 1.40453 0.233477
0.832784 1.40338 0.2391
0.854074 1.4055 0.238032
0.877947 1.40615 0.239534
0.913056 1.40301 0.236195
0.948359 1.40019 0.243392
0.961848 1.40183 0.239082
0.983468 1.40738 0.240895
1.00971 1.40793 0.237162
1.03625 1.41076 0.236766
1.06261 1.40731 0.234792
0.769627 1.46777 0.23883
0.765984 1.49408 0.230644
0.772372 1.51901 0.243667
0.766488 1.56271 0.236467
0.763706 1.57802 0.248624
0.767979 1.64062 0.237464
0.765019 1.68175 0.240675
0.769342 1.75426 0.234555
0.764875 1.796 0.237482
0.768634 1.87749 0.237168
0.762523 1.92007 0.239964
0.764801 1.92813 0.227201
0.765627 2.0107 0.239528
1.09654 4.39954 0.235616
1.0264 4.42303 0.235264
1.13691 4.41962 0.23679
1.06399 4.42792 0.235952
0.996753 4.47437 0.236303
0.999317 4.78193 0.245132
0.925033 4.8266 0.245375
0.966547 4.83869 0.246293
0.570152 4.85727 0.241648
0.610016 4.86222 0.242277
0.689471 4.8606 0.243221
0.84993 4.87268 0.245669
0.887783 4.85112 0.245565
0.531072 4.88096 0.241861
0.650578 4.87597 0.243171
0.730593 4.88138 0.244346
0.770315 4.87858 0.244783
0.811534 4.89118 0.245684
0.862258 1.39933 0.258324
0.885255 1.39849 0.26502
0.91065 1.39951 0.251357
0.93233 1.39396 0.257536
0.774861 1.4127 0.253836
0.784847 1.40666 0.265023
0.811845 1.40514 0.260493
0.834818 1.40485 0.262067
0.856354 1.40555 0.265381
0.888131 1.40551 0.265982
0.915353 1.40236 0.262421
0.934818 1.40165 0.274333
0.956215 1.40559 0.260392
0.982454 1.40764 0.262492
1.00992 1.41106 0.264858
1.03616 1.40811 0.263193
1.06269 1.40984 0.263088
1.0838 1.4106 0.259032
0.76801 1.42857 0.260072
0.7718 1.481 0.266054
0.769948 1.51521 0.264332
0.768951 1.55494 0.263076
0.762981 1.57928 0.265213
0.767581 1.64431 0.260677
0.763374 1.6806 0.26391
0.768069 1.75447 0.258989
0.763251 1.79481 0.26233
0.769468 1.88604 0.257559
0.761452 1.91993 0.259985
0.76486 2.01202 0.260645
1.02582 4.42403 0.267463
1.06342 4.4289 0.268323
1.1016 4.43478 0.269228
1.13981 4.44059 0.270148
0.996161 4.4754 0.268764
0.789537 1.39728 0.292765
0.80135 1.39882 0.29397
0.859894 1.39875 0.288765
0.884406 1.39896 0.280504
0.920047 1.39923 0.293971
0.774093 1.42003 0.294518
0.782752 1.40953 0.286337
0.811379 1.40545 0.283595
0.833405 1.40597 0.287459
0.85113 1.4066 0.289022
0.887299 1.40715 0.287964
0.914663 1.40456 0.287135
0.943279 1.40579 0.288262
0.964762 1.40728 0.288129
0.984412 1.40975 0.28281
1.00802 1.40986 0.286627
1.03359 1.40857 0.288669
1.05916 1.40629 0.290618
1.08064 1.40774 0.286961
0.768721 1.43734 0.28628
0.772876 1.49014 0.288054
0.76676 1.51073 0.290141
0.768447 1.55881 0.285304
0.767196 1.59998 0.284393
0.76768 1.60514 0.296284
0.769123 1.65664 0.285152
0.763106 1.68606 0.288006
0.769945 1.76922 0.285167
0.765965 1.81411 0.289566
0.766294 1.87854 0.28306
0.759984 1.91847 0.279875
0.762072 1.93285 0.294844
0.766045 2.02197 0.275615
0.767465 2.03351 0.290919
1.02139 4.39971 0.298524
0.886401 4.84551 0.2801
0.926411 4.84621 0.280814
0.529969 4.87087 0.275318
0.569356 4.85865 0.275468
0.609235 4.86357 0.276253
0.848746 4.86873 0.280294
0.650464 4.89016 0.277842
0.689904 4.88185 0.278166
0.729854 4.88266 0.278836
0.769589 4.87983 0.279382
0.810671 4.89068 0.280443
0.788706 1.39872 0.307851
0.806538 1.39984 0.304604
0.773026 1.42088 0.309641
0.786083 1.40726 0.317913
0.812214 1.40134 0.312048
0.837405 1.40737 0.316168
0.86259 1.40475 0.314577
0.888423 1.40601 0.311551
0.914823 1.40428 0.310042
0.940616 1.40661 0.312799
0.95794 1.4036 0.31408
0.981017 1.4113 0.311877
1.00575 1.40912 0.313997
1.03674 1.40477 0.310894
1.06922 1.41485 0.315289
1.08243 1.41399 0.316493
0.769544 1.44591 0.307829
0.77204 1.45759 0.320036
0.771006 1.49138 0.314389
0.766436 1.5163 0.312209
0.768712 1.56635 0.308243
0.767078 1.60818 0.313607
0.768232 1.66018 0.308815
0.762333 1.6904 0.312153
0.769332 1.77228 0.304115
0.769635 1.77775 0.317279
0.762699 1.80777 0.314087
0.764818 1.8801 0.3095
0.760556 1.93248 0.315061
0.765818 2.03236 0.312123
1.06419 4.43958 0.30117
1.10091 4.43597 0.301818
1.13913 4.44177 0.302921
0.991891 4.45079 0.300077
0.885563 4.84696 0.314882
0.923539 4.82918 0.314901
0.528971 4.8726 0.309155
0.568381 4.86034 0.309333
0.608279 4.86523 0.310274
0.688125 4.86893 0.311925
0.84789 4.87021 0.315116
0.649523 4.89179 0.312181
0.728948 4.88423 0.313371
0.768835 4.88314 0.314103
0.809648 4.89045 0.315219
0.796684 1.3989 0.343899
0.80921 1.39921 0.335123
0.903676 1.39759 0.334449
0.787004 1.40927 0.338528
0.809839 1.40112 0.335502
0.836027 1.40876 0.336516
0.864354 1.4052 0.33671
0.888519 1.40584 0.339391
0.915136 1.40734 0.337169
0.939994 1.40918 0.334693
0.963018 1.40947 0.339037
0.985679 1.41206 0.340059
1.01056 1.40946 0.339609
1.0383 1.4056 0.332551
1.06384 1.40818 0.336786
1.07875 1.41036 0.338699
0.774895 1.43864 0.348319
0.775732 1.43619 0.332566
0.77162 1.46132 0.33617
0.768918 1.493 0.340962
0.766747 1.52276 0.329273
0.767522 1.52941 0.341204
0.768268 1.57012 0.325338
0.770465 1.58232 0.338488
0.766205 1.61269 0.336938
0.766487 1.66121 0.332269
0.764261 1.70706 0.338466
0.767914 1.77473 0.329316
0.770097 1.78895 0.343962
0.762463 1.81618 0.340663
0.768518 1.90769 0.339711
0.758676 1.93374 0.342287
1.02009 4.39795 0.330437
1.09806 4.42491 0.333776
0.990596 4.44904 0.33225
1.06336 4.44101 0.333696
1.13779 4.44008 0.335571
0.606373 4.84853 0.343392
0.884223 4.84528 0.349536
0.922937 4.83423 0.349913
0.527462 4.86121 0.342364
0.567851 4.88125 0.34422
0.648131 4.8882 0.346289
0.68757 4.87989 0.346742
0.727393 4.87892 0.347586
0.767916 4.88673 0.348903
0.870029 -0.0315338 0.366088
0.877003 -0.0355466 0.356517
0.870177 -0.019389 0.368085
0.78687 1.40962 0.362153
0.815248 1.40775 0.362889
0.837603 1.40903 0.360507
0.861451 1.40439 0.362482
0.887444 1.4082 0.360905
0.913212 1.41157 0.364538
0.937674 1.4119 0.359874
0.962783 1.41161 0.362799
0.990114 1.41187 0.362808
1.0162 1.4087 0.362066
1.03956 1.40704 0.360102
1.06533 1.40626 0.361596
1.08484 1.40781 0.360307
0.771414 1.43267 0.362385
0.769203 1.4625 0.362292
0.773436 1.51717 0.367017
0.768045 1.53751 0.358985
0.770597 1.59142 0.362581
0.765706 1.61956 0.360911
0.768726 1.67933 0.358822
0.764145 1.71626 0.364104
0.765011 1.77176 0.353791
0.770036 1.79906 0.370898
0.761529 1.81979 0.360372
0.767559 1.91435 0.36761
0.757815 1.93823 0.363317
1.01913 4.39961 0.362549
1.13342 4.42165 0.36717
1.06094 4.43319 0.365691
1.09712 4.42653 0.366365
0.989611 4.45074 0.364625
0.808465 4.8905 0.35002
0.848 4.88402 0.350622
0.873481 -0.0287786 0.377292
0.870149 -0.0106746 0.38282
0.868975 0.00169169 0.385898
0.813414 1.39793 0.397087
0.785075 1.41301 0.387407
0.811471 1.40809 0.386369
0.837482 1.41124 0.387171
0.859923 1.40787 0.389395
0.885033 1.40921 0.38757
0.911325 1.41234 0.38615
0.938106 1.41315 0.386478
0.963066 1.41232 0.389605
0.98599 1.41102 0.387924
1.01275 1.40917 0.387792
1.04125 1.40971 0.38824
1.05917 1.4076 0.388
1.08447 1.41495 0.386735
0.772968 1.44598 0.385894
0.768274 1.47011 0.390081
0.772198 1.51932 0.383677
0.770387 1.54245 0.387737
0.769291 1.59835 0.39226
0.763357 1.62263 0.390208
0.765314 1.62524 0.379217
0.766647 1.68093 0.382866
0.762177 1.71867 0.388769
0.769611 1.8058 0.391222
0.764245 1.84109 0.383314
0.767212 1.92195 0.389143
0.757769 1.94431 0.377914
0.759453 1.95939 0.394135
1.02129 4.42388 0.39627
1.05816 4.42401 0.397489
1.09301 4.40965 0.397708
1.13237 4.42347 0.399919
0.991579 4.47534 0.398621
0.883077 4.84727 0.384403
0.921811 4.83618 0.384833
0.5261 4.86357 0.376224
0.605069 4.85079 0.377393
0.685778 4.873 0.380682
0.566511 4.88357 0.378344
0.646569 4.88491 0.380379
0.726156 4.88106 0.382182
0.767367 4.89768 0.384212
0.807269 4.89257 0.384961
0.846825 4.88606 0.385648
0.810879 1.39432 0.406399
0.788823 1.41652 0.413351
0.80606 1.40533 0.41508
0.833124 1.41059 0.410824
0.863571 1.40838 0.411404
0.888832 1.4113 0.415578
0.910468 1.41216 0.411544
0.934834 1.40962 0.408991
0.95785 1.40976 0.414149
0.986201 1.41185 0.415245
1.01223 1.41257 0.411186
1.03716 1.40939 0.414219
1.05457 1.40424 0.415832
1.08309 1.41634 0.410404
0.77638 1.43207 0.415023
0.772187 1.45233 0.408224
0.767816 1.4779 0.413067
0.768721 1.52134 0.416775
0.772665 1.53051 0.408007
0.767715 1.55775 0.412903
0.767527 1.59941 0.409586
0.766537 1.60112 0.421418
0.762628 1.62789 0.408649
0.766962 1.69338 0.409366
0.761858 1.72922 0.415369
0.768113 1.80839 0.410945
0.763994 1.84952 0.404384
0.762937 1.85136 0.417859
0.764739 1.92023 0.409253
0.759585 1.96716 0.409339
0.881775 4.84952 0.419339
0.524644 4.87009 0.410411
0.564562 4.87295 0.411671
0.60359 4.85335 0.411468
0.683822 4.86639 0.41456
0.922196 4.85351 0.420848
0.644562 4.87639 0.414093
0.724991 4.88708 0.417089
0.805911 4.89492 0.419972
0.845013 4.8832 0.420393
0.765982 4.90008 0.419132
0.784131 1.41298 0.43818
0.808067 1.41319 0.436514
0.839454 1.41332 0.437252
0.866203 1.41089 0.437228
0.89191 1.41047 0.437798
0.918188 1.41279 0.436823
0.943826 1.41255 0.435111
0.968393 1.41049 0.438479
0.990738 1.40813 0.443405
1.00904 1.41109 0.433451
1.03521 1.41027 0.437386
1.0618 1.41305 0.440171
1.08216 1.41444 0.431753
0.772292 1.42815 0.434706
0.771254 1.45895 0.430948
0.770623 1.49804 0.43968
0.76774 1.52304 0.428137
0.768952 1.53294 0.441679
0.763252 1.55481 0.440088
0.767461 1.61352 0.441698
0.76249 1.63913 0.434555
0.766066 1.70194 0.435438
0.763235 1.74484 0.437258
0.768726 1.82133 0.432939
0.761096 1.85354 0.438067
0.763087 1.9231 0.43024
0.763739 1.93397 0.446101
0.761138 1.98647 0.433865
1.05647 4.42294 0.429793
1.09259 4.41639 0.43064
1.02006 4.426 0.428683
1.1312 4.4255 0.432734
0.990321 4.47751 0.4313
0.52291 4.87309 0.444459
0.562742 4.8721 0.445578
0.602159 4.86183 0.446036
0.682225 4.86915 0.449054
0.642841 4.87737 0.448404
0.78791 1.41267 0.462982
0.815363 1.41155 0.464072
0.839908 1.41204 0.462789
0.864509 1.40943 0.462911
0.890818 1.41486 0.460781
0.915582 1.41497 0.464913
0.940643 1.41323 0.463047
0.965823 1.41095 0.461019
0.992212 1.41174 0.465619
1.01804 1.408 0.457511
1.03998 1.4115 0.461961
1.06375 1.41633 0.461012
1.08825 1.41389 0.460668
0.769129 1.43063 0.461479
0.773621 1.47485 0.451251
0.769882 1.48833 0.464952
0.769373 1.54321 0.461127
0.7638 1.56586 0.459844
0.764821 1.57609 0.474
0.764165 1.61323 0.464866
0.763894 1.6577 0.462731
0.767728 1.73839 0.46183
0.76414 1.76327 0.466611
0.766043 1.82398 0.45958
0.758686 1.85772 0.465452
0.76251 1.9361 0.460342
0.759262 1.99372 0.463616
1.01501 4.40274 0.459005
1.09127 4.41866 0.463321
1.05513 4.42526 0.462392
1.1299 4.42775 0.465624
0.985417 4.45401 0.461872
0.880834 4.85715 0.454736
0.920761 4.856 0.456027
0.723416 4.88981 0.451863
0.763767 4.89392 0.453473
0.804099 4.89406 0.454801
0.843203 4.88233 0.455268
0.773396 1.42024 0.486356
0.789652 1.41658 0.488147
0.811632 1.41251 0.490882
0.836282 1.41082 0.483781
0.860441 1.41147 0.48819
0.887511 1.41625 0.488596
0.911745 1.41311 0.486431
0.9366 1.41256 0.490767
0.963432 1.41209 0.483933
0.987838 1.40882 0.487514
1.01697 1.41135 0.481586
1.04372 1.4157 0.489388
1.06482 1.41698 0.485463
1.0882 1.41399 0.482941
0.765791 1.43341 0.488625
0.7707 1.48491 0.492158
0.765862 1.50429 0.485162
0.770201 1.55877 0.488119
0.763553 1.58129 0.492707
0.767311 1.63578 0.488554
0.7621 1.66081 0.4815
0.764269 1.67705 0.497959
0.769031 1.7388 0.487602
0.762414 1.76726 0.486659
0.763854 1.82577 0.479642
0.760616 1.87938 0.49048
0.766582 1.96904 0.488376
1.01284 4.4005 0.490935
1.05149 4.41356 0.493753
1.09059 4.42585 0.496521
1.12795 4.42713 0.498308
0.983242 4.45178 0.494065
0.915865 4.82848 0.48877
0.560502 4.86398 0.478912
0.60002 4.85753 0.479723
0.640496 4.86943 0.482031
0.680457 4.87222 0.483639
0.720251 4.87129 0.484968
0.759412 4.86146 0.485591
0.878876 4.85654 0.48959
0.520988 4.87642 0.478602
0.801543 4.88649 0.489089
0.841552 4.88519 0.490462
0.78497 1.41586 0.514385
0.808378 1.41315 0.512422
0.833245 1.41424 0.511858
0.856926 1.41106 0.509786
0.882868 1.41513 0.515797
0.908165 1.41231 0.508394
0.933034 1.41174 0.51298
0.959388 1.41389 0.510421
0.986665 1.41285 0.511862
1.0149 1.41461 0.511741
1.04218 1.4137 0.510753
1.06512 1.41795 0.51623
1.08434 1.41547 0.510767
1.1037 1.40913 0.509329
0.769592 1.43883 0.512692
0.769984 1.49515 0.517432
0.764189 1.51119 0.509428
0.769552 1.5699 0.514368
0.767192 1.60599 0.517464
0.77012 1.65791 0.512793
0.763297 1.68073 0.511196
0.76767 1.74516 0.50825
0.761029 1.77766 0.514984
0.768995 1.86186 0.508327
0.759911 1.8896 0.513321
0.766281 1.98156 0.512555
0.518058 4.8435 0.509649
0.597486 4.84792 0.512904
0.913583 4.82643 0.523438
0.558442 4.86755 0.513181
0.638339 4.86916 0.516246
0.677686 4.86101 0.51703
0.718228 4.87279 0.519609
0.757806 4.86824 0.520761
0.798252 4.87219 0.522688
0.838161 4.87106 0.524197
0.79003 1.41409 0.538784
0.81605 1.41186 0.535787
0.841593 1.41192 0.537517
0.8633 1.40992 0.536738
0.891732 1.41528 0.540569
0.912823 1.41241 0.534347
0.933927 1.40719 0.535191
0.958272 1.41463 0.538711
0.985018 1.4162 0.536231
1.01132 1.41564 0.541476
1.03944 1.41445 0.534749
1.06576 1.41686 0.542866
1.08553 1.41595 0.534259
1.10105 1.40973 0.533847
0.770785 1.43576 0.534199
0.776924 1.42713 0.549501
0.764943 1.45588 0.539155
0.766926 1.50911 0.538086
0.766474 1.53723 0.546198
0.766894 1.5745 0.539039
0.764984 1.60881 0.536088
0.768922 1.66899 0.540507
0.763038 1.69218 0.533018
0.766534 1.75713 0.537077
0.75937 1.78353 0.535992
0.764856 1.86103 0.535095
0.759389 1.9015 0.536887
0.762996 1.98025 0.53369
0.752185 2.01198 0.546789
1.01376 4.42092 0.525125
1.0499 4.41632 0.526414
1.12482 4.42055 0.530406
1.08927 4.43013 0.529569
0.981153 4.45139 0.526436
0.51569 4.8436 0.543374
0.594929 4.84235 0.54636
0.556138 4.86954 0.547381
0.635219 4.85657 0.549316
0.877445 4.86302 0.525104
0.78745 1.4144 0.564487
0.811504 1.41523 0.561866
0.835756 1.41123 0.562277
0.861426 1.41277 0.562475
0.886549 1.41175 0.561718
0.912728 1.41241 0.561641
0.935649 1.41021 0.562013
0.962576 1.41557 0.566221
0.981615 1.41126 0.556226
1.0073 1.4146 0.564765
1.03715 1.41641 0.559387
1.06423 1.42016 0.568418
1.09047 1.41686 0.559818
0.770958 1.44013 0.563679
0.775204 1.42811 0.560711
0.764336 1.46793 0.565544
0.770591 1.5221 0.566105
0.764358 1.54089 0.564722
0.766594 1.58502 0.560126
0.762101 1.6138 0.56157
0.764519 1.67262 0.572519
0.768789 1.68122 0.562844
0.762968 1.7093 0.563201
0.764021 1.76448 0.565079
0.759797 1.79479 0.552237
0.760474 1.80762 0.56917
0.767407 1.88761 0.562816
0.757646 1.90852 0.559527
0.759607 1.97912 0.554937
1.01201 4.42395 0.557787
1.04866 4.42247 0.559516
1.12315 4.42345 0.563468
0.976755 4.43501 0.557114
1.08715 4.4318 0.562444
0.674858 4.85191 0.550486
0.755769 4.87177 0.555747
0.79582 4.8704 0.557319
0.836194 4.87447 0.559461
0.875174 4.86296 0.560105
0.716269 4.87819 0.554678
0.786483 1.41417 0.588047
0.813977 1.41495 0.58752
0.837853 1.4116 0.58595
0.862825 1.41194 0.588168
0.887843 1.40935 0.584753
0.917262 1.41739 0.587972
0.936887 1.41606 0.585978
0.960602 1.41149 0.590018
0.986686 1.41101 0.587298
1.00987 1.41365 0.589756
1.03224 1.41391 0.582491
1.06259 1.41883 0.59086
1.08782 1.41385 0.586367
1.11089 1.41468 0.594563
0.769755 1.42755 0.587774
0.769631 1.45976 0.58709
0.764661 1.48037 0.587018
0.769149 1.5246 0.578497
0.767663 1.52717 0.591001
0.763912 1.55567 0.593361
0.766851 1.59858 0.582663
0.762345 1.63238 0.592109
0.762959 1.67532 0.58586
0.762636 1.72188 0.586217
0.763758 1.77793 0.588806
0.762032 1.82492 0.587716
0.76495 1.89187 0.584815
0.754319 1.91428 0.589062
0.972455 4.42046 0.587784
1.00716 4.40635 0.588146
1.0468 4.42569 0.592406
1.08482 4.43184 0.595178
1.12135 4.42657 0.596636
0.942365 4.47258 0.591792
0.51305 4.84817 0.5776
0.59256 4.84646 0.58076
0.672071 4.84674 0.584247
0.553705 4.87376 0.58187
0.632629 4.85506 0.583366
0.872408 4.85975 0.594806
0.714367 4.88748 0.590265
0.753823 4.87914 0.591219
0.794085 4.8794 0.593087
0.834065 4.87816 0.594839
0.770352 1.41718 0.605314
0.790387 1.41381 0.610677
0.815384 1.41211 0.612415
0.840935 1.41526 0.611297
0.86333 1.40997 0.614816
0.887882 1.40894 0.611979
0.91426 1.41326 0.618213
0.936778 1.41665 0.611696
0.964485 1.41426 0.616405
0.988973 1.41585 0.612444
1.01547 1.41696 0.610835
1.03578 1.41478 0.608777
1.05744 1.41626 0.614426
1.08374 1.41121 0.612932
1.10606 1.41105 0.611871
0.764496 1.42865 0.615765
0.768571 1.4716 0.614343
0.765789 1.49641 0.6104
0.765323 1.53122 0.610018
0.763336 1.56666 0.615254
0.764036 1.60545 0.609269
0.759922 1.63658 0.612004
0.769516 1.71196 0.610922
0.763638 1.74114 0.611949
0.762198 1.78664 0.611457
0.761362 1.83808 0.612122
0.762381 1.89632 0.607043
0.756447 1.9426 0.618646
0.758867 2.01041 0.607048
0.97041 4.424 0.620485
1.00515 4.40983 0.620867
0.940264 4.47622 0.624772
0.589723 4.84337 0.614463
0.510582 4.86245 0.61298
0.550804 4.86878 0.615447
0.630123 4.8594 0.618077
0.669621 4.85098 0.619011
0.784345 1.41294 0.638098
0.806928 1.40616 0.635287
0.834186 1.41228 0.63837
0.860433 1.41399 0.63952
0.884262 1.40871 0.637575
0.91343 1.41569 0.641313
0.94239 1.41803 0.637019
0.966053 1.41255 0.641173
0.991987 1.42063 0.637837
1.01253 1.41905 0.636151
1.03575 1.41284 0.637516
1.05789 1.41148 0.638886
1.0833 1.41181 0.634651
1.10954 1.41102 0.638986
0.771115 1.43519 0.635322
0.766338 1.45146 0.648232
0.766169 1.47576 0.633192
0.764038 1.50745 0.638072
0.764251 1.54508 0.63913
0.762284 1.57649 0.637088
0.7614 1.61402 0.636938
0.75893 1.6423 0.626472
0.762682 1.6678 0.648599
0.770189 1.72479 0.628295
0.764817 1.7371 0.637865
0.76037 1.7538 0.649114
0.76084 1.79699 0.634936
0.760239 1.85003 0.636534
0.766362 1.93942 0.648877
0.76051 1.97556 0.643181
1.0811 4.42427 0.627002
1.11837 4.42373 0.629143
1.04481 4.42913 0.625411
0.942136 4.79097 0.626186
0.586919 4.84623 0.648856
0.908721 4.84885 0.630692
0.507714 4.86741 0.64752
0.82975 4.85963 0.627802
0.87016 4.86364 0.630298
0.711941 4.89168 0.625458
0.751444 4.88326 0.626474
0.792037 4.88695 0.628862
0.78388 1.41008 0.663524
0.812644 1.41166 0.661467
0.832648 1.40761 0.666378
0.85974 1.41529 0.665453
0.883367 1.41077 0.658497
0.907896 1.41328 0.663833
0.941189 1.42128 0.665088
0.962468 1.41426 0.666148
0.991462 1.41454 0.661215
1.0164 1.41484 0.661516
1.04212 1.4158 0.662236
1.06263 1.41477 0.667425
1.08609 1.41465 0.660436
1.11073 1.41497 0.664939
0.769828 1.43542 0.660916
0.935959 1.42567 0.656814
0.765447 1.45701 0.66217
0.767105 1.49214 0.657647
0.762121 1.51877 0.66644
0.761685 1.54952 0.658884
0.761827 1.58928 0.660484
0.763999 1.63952 0.665607
0.763256 1.6808 0.666367
0.766949 1.73241 0.657181
0.760454 1.76566 0.666717
0.764427 1.82477 0.658079
0.759256 1.86373 0.661987
0.765625 1.9487 0.666385
0.759141 1.98193 0.659866
1.00323 4.41515 0.653921
1.07628 4.41064 0.657944
1.11579 4.42419 0.662084
1.04221 4.42963 0.65812
0.971454 4.45219 0.656497
0.939647 4.79328 0.661311
0.547998 4.87364 0.650141
0.627265 4.86035 0.652488
0.667093 4.85736 0.654128
0.747233 4.86455 0.659102
0.827613 4.86733 0.663681
0.867751 4.86781 0.665921
0.906178 4.85125 0.666129
0.709112 4.89258 0.660359
0.789357 4.89159 0.664455
0.787063 1.41557 0.687706
0.811206 1.41225 0.686827
0.83701 1.41306 0.688042
0.863634 1.41494 0.689949
0.888358 1.41412 0.686009
0.911161 1.41562 0.687627
0.934831 1.41563 0.682518
0.959516 1.41787 0.692357
0.985873 1.41222 0.684695
1.01468 1.41333 0.686634
1.04377 1.42494 0.685547
1.0572 1.41635 0.690828
1.08699 1.41108 0.686282
1.10793 1.4078 0.684302
0.772616 1.42659 0.688331
0.775512 1.42758 0.677356
1.04261 1.42695 0.699288
0.769175 1.46255 0.683565
0.765345 1.48719 0.68617
0.762022 1.51494 0.689993
0.763164 1.56496 0.677569
0.765804 1.62039 0.692144
0.766658 1.66091 0.68697
0.762055 1.68688 0.68166
0.767747 1.74702 0.675879
0.762486 1.76114 0.686493
0.758455 1.78112 0.699511
0.766572 1.85306 0.688957
0.760589 1.88942 0.692102
0.756294 1.98886 0.684344
1.00095 4.4191 0.686908
1.07381 4.4129 0.690939
1.11309 4.42488 0.695105
1.14978 4.42133 0.69715
1.04043 4.43672 0.691796
0.971047 4.4709 0.691673
0.504648 4.87272 0.682215
0.584 4.85128 0.683607
0.62448 4.86717 0.687692
0.664286 4.86222 0.68919
0.744523 4.86925 0.694459
0.784855 4.87339 0.697234
0.824537 4.86666 0.698644
0.544946 4.87693 0.68475
0.705772 4.88837 0.694667
0.783814 1.4222 0.714169
0.811111 1.41752 0.714959
0.838564 1.41286 0.710236
0.860841 1.41445 0.712056
0.886326 1.41514 0.709035
0.914466 1.4184 0.712031
0.940427 1.41543 0.711951
0.958209 1.41113 0.715507
0.981749 1.41336 0.710102
1.0155 1.4179 0.710567
1.042 1.41901 0.716519
1.0639 1.41607 0.708373
1.08422 1.41388 0.713575
1.11191 1.41225 0.709698
0.770761 1.4338 0.709261
0.793757 1.42597 0.706099
0.770632 1.46503 0.709837
0.764544 1.48657 0.717169
0.766844 1.52459 0.714154
0.764162 1.55123 0.711203
0.766474 1.59323 0.70851
0.764664 1.63236 0.716341
0.769905 1.68529 0.710015
0.763999 1.71252 0.711701
0.764095 1.76135 0.715114
0.760231 1.80204 0.721382
0.76537 1.86714 0.715338
0.759658 1.89903 0.709911
0.998535 4.42329 0.720034
1.07048 4.41068 0.723351
1.03756 4.43769 0.724725
0.620348 4.84833 0.719625
0.500878 4.85125 0.713508
0.541545 4.87482 0.718738
0.58096 4.85855 0.718767
0.661102 4.86374 0.72392
0.865845 4.87911 0.702564
0.791128 1.42053 0.734333
0.814571 1.41792 0.740115
0.840374 1.41373 0.733278
0.865918 1.41549 0.741735
0.888064 1.41663 0.735939
0.912649 1.41855 0.737596
0.936085 1.41695 0.737488
0.962033 1.41301 0.737172
0.989399 1.41511 0.73746
1.01214 1.41906 0.732396
1.0342 1.41685 0.738278
1.06563 1.41458 0.73566
1.08786 1.41557 0.742871
1.10938 1.41079 0.733863
1.12936 1.40868 0.74624
0.768631 1.44549 0.738771
0.776371 1.43109 0.734673
0.765165 1.4655 0.733806
0.765423 1.50505 0.744456
0.767999 1.54459 0.742217
0.764485 1.56867 0.738013
0.763533 1.59832 0.729688
0.764683 1.61433 0.74987
0.764745 1.64422 0.734471
0.764646 1.71039 0.738957
0.76388 1.77972 0.743094
0.759615 1.81311 0.739726
0.765031 1.87973 0.734449
0.759011 1.91016 0.728481
0.746615 1.93363 0.741611
0.765176 1.99648 0.734787
1.14534 4.41301 0.728999
1.11128 4.432 0.729136
0.968562 4.4752 0.72508
0.497397 4.85528 0.748072
0.741262 4.8689 0.729252
0.781602 4.87303 0.73219
0.821911 4.87321 0.73462
0.702822 4.89348 0.730204
0.79175 1.42145 0.760383
0.80873 1.41754 0.763858
0.836296 1.41779 0.759565
0.859955 1.41431 0.765449
0.888144 1.41449 0.761274
0.914199 1.41186 0.761739
0.94238 1.41922 0.769348
0.959259 1.41532 0.757321
0.988729 1.41777 0.760893
1.01343 1.41482 0.762992
1.03734 1.42008 0.758824
1.06191 1.41652 0.762975
1.09299 1.41235 0.759639
1.11666 1.41069 0.766642
1.14025 1.4125 0.760546
1.15445 1.40224 0.759035
0.772966 1.43899 0.762657
0.781481 1.42724 0.759876
0.971015 1.42895 0.773471
0.767279 1.45584 0.762166
0.766422 1.48532 0.762179
0.764539 1.51258 0.760562
0.763014 1.56122 0.761164
0.766442 1.63328 0.771815
0.763844 1.65878 0.760706
0.766076 1.70592 0.758754
0.760289 1.73494 0.761566
0.762918 1.78939 0.761047
0.758971 1.82423 0.758321
0.766212 1.89968 0.756702
0.75986 1.94468 0.771149
0.749312 2.02296 0.764287
0.753983 2.03086 0.751785
1.068 4.41497 0.756787
1.14186 4.41104 0.76176
0.995977 4.42772 0.753308
1.03362 4.43251 0.756763
1.10816 4.43342 0.762456
0.965935 4.47975 0.758637
0.89618 4.84657 0.771201
0.577659 4.86427 0.753864
0.657259 4.85639 0.757469
0.737833 4.86884 0.764127
0.778183 4.87295 0.767226
0.818205 4.86963 0.769291
0.538162 4.88068 0.753851
0.61818 4.87808 0.758148
0.698255 4.87539 0.762581
0.788538 1.42141 0.783963
0.813282 1.41682 0.788882
0.839114 1.41661 0.784855
0.865201 1.41423 0.791416
0.88449 1.41282 0.783748
0.909297 1.41335 0.787642
0.937634 1.41877 0.790296
0.958226 1.41311 0.790123
0.988437 1.42144 0.785234
1.01147 1.41588 0.788244
1.03944 1.41578 0.78576
1.06013 1.41726 0.788517
1.08761 1.41501 0.784909
1.11215 1.40984 0.788698
1.14395 1.41742 0.790137
1.1513 1.40469 0.787844
0.769528 1.43594 0.788279
0.967978 1.42821 0.785961
0.763857 1.45976 0.782483
0.764089 1.49336 0.784932
0.76433 1.52294 0.778357
0.763676 1.53208 0.795758
0.763584 1.55624 0.779408
0.761747 1.59342 0.788331
0.764254 1.63707 0.786786
0.761023 1.66667 0.784287
0.766236 1.71964 0.778473
0.765577 1.73078 0.797331
0.759658 1.75304 0.790222
0.765145 1.81353 0.785457
0.75981 1.84277 0.780295
0.758361 1.85128 0.798347
0.76531 1.91825 0.786262
0.757447 1.94886 0.787799
0.74678 1.96734 0.784365
1.06538 4.4195 0.790378
1.13933 4.41543 0.795588
0.994171 4.43885 0.787785
1.03026 4.43234 0.789583
1.10557 4.4379 0.796331
0.964008 4.49109 0.793409
0.493451 4.84412 0.780519
0.5741 4.86843 0.788865
0.614106 4.86914 0.79144
0.653173 4.85147 0.791332
0.734109 4.86729 0.798825
0.53458 4.88688 0.78915
0.69496 4.88109 0.79828
1.15446 1.39122 0.805739
0.787324 1.42178 0.813611
0.811353 1.4183 0.813753
0.836482 1.41647 0.811961
0.866457 1.41672 0.810962
0.888325 1.41551 0.813337
0.915872 1.41446 0.813176
0.939199 1.42073 0.810071
0.960155 1.41176 0.81101
0.980215 1.41769 0.813511
1.00641 1.42031 0.814247
1.0372 1.41632 0.811289
1.06148 1.4116 0.815289
1.08402 1.41255 0.809087
1.11512 1.41202 0.809911
1.14348 1.41223 0.817409
0.768748 1.43729 0.81066
0.782875 1.42682 0.805733
0.991423 1.42561 0.806637
0.759983 1.46847 0.811994
0.763457 1.50846 0.811954
0.762899 1.54142 0.813543
0.767128 1.5881 0.815312
0.760477 1.60762 0.81517
0.768199 1.66624 0.814521
0.760966 1.68677 0.814216
0.765884 1.74625 0.818479
0.759245 1.76575 0.809991
0.763787 1.82988 0.814174
0.758995 1.87018 0.821168
0.755115 1.9389 0.809962
1.02466 4.41803 0.820038
1.06141 4.41638 0.822781
0.99177 4.447 0.821982
0.489611 4.85077 0.815591
0.81494 4.87328 0.805047
0.893181 4.85177 0.807297
0.775007 4.87845 0.803148
1.16431 1.39015 0.838535
0.772115 1.42346 0.840649
0.788093 1.42028 0.837791
0.812916 1.41612 0.842116
0.838022 1.4129 0.836625
0.865497 1.41772 0.836277
0.890091 1.41912 0.834053
0.913276 1.41596 0.838472
0.938255 1.4207 0.835432
0.960199 1.41835 0.839823
0.987244 1.41351 0.837803
1.01483 1.41546 0.836127
1.04233 1.41476 0.843799
1.06343 1.41289 0.835917
1.08008 1.40706 0.837009
1.10873 1.41342 0.835231
1.13926 1.41154 0.83798
1.1597 1.40515 0.835289
0.766726 1.44079 0.840934
0.788691 1.42675 0.83447
0.763841 1.46179 0.837002
0.761516 1.49182 0.844408
0.767895 1.53677 0.840647
0.767177 1.57001 0.842207
0.765073 1.59966 0.84125
0.760939 1.62282 0.836401
0.765846 1.67032 0.830146
0.764114 1.67732 0.847421
0.760379 1.70579 0.844275
0.7651 1.75761 0.837995
0.758121 1.7837 0.839689
0.762565 1.946 0.835484
0.750656 1.96663 0.840762
1.09825 4.41458 0.825539
1.13666 4.42005 0.829578
0.961506 4.49942 0.8279
0.650205 4.86861 0.828597
0.891066 4.86743 0.845196
0.570791 4.88616 0.826079
0.691481 4.88712 0.834166
0.731436 4.88392 0.836408
0.771655 4.88426 0.839252
0.530909 4.90524 0.826482
0.61175 4.90522 0.831645
0.814039 4.90684 0.845645
1.16741 1.3988 0.858286
0.784417 1.42015 0.863799
0.810264 1.41838 0.865332
0.83615 1.41605 0.866676
0.865648 1.41795 0.86441
0.892172 1.41818 0.862496
0.91267 1.41351 0.865451
0.937627 1.41778 0.862425
0.962612 1.41684 0.868801
0.98372 1.41628 0.861884
1.01502 1.41023 0.862246
1.0407 1.41426 0.86259
1.06582 1.41775 0.86608
1.08663 1.41271 0.864102
1.11097 1.41355 0.866049
1.13542 1.41169 0.859266
1.16309 1.40628 0.86738
0.767359 1.43636 0.863982
0.953371 1.42751 0.851102
0.761508 1.48783 0.86323
0.767578 1.56632 0.861947
0.76238 1.57832 0.873413
0.765154 1.61352 0.862215
0.762688 1.64379 0.861097
0.763898 1.76769 0.857159
0.757441 1.80487 0.871561
0.766655 1.86692 0.852934
0.762617 1.96391 0.858608
0.750545 1.98482 0.864078
1.02174 4.4231 0.853781
1.0578 4.41664 0.855793
1.09541 4.4195 0.859521
1.13518 4.43261 0.865132
0.990986 4.46836 0.858708
0.960523 4.52113 0.864942
0.527043 4.91794 0.863211
0.567512 4.91184 0.864901
0.608149 4.91746 0.868559
0.649236 4.93029 0.873454
0.788052 1.41919 0.890248
0.811629 1.41902 0.887243
0.832725 1.42048 0.8889
0.857383 1.41777 0.887318
0.888282 1.41775 0.887085
0.91558 1.41597 0.889386
0.937633 1.41677 0.890966
0.963709 1.41827 0.88949
0.983669 1.41704 0.88667
1.01364 1.41153 0.886752
1.03995 1.40755 0.881605
1.06346 1.41416 0.89121
1.0911 1.41496 0.889561
1.11561 1.41551 0.891572
1.13283 1.41135 0.886183
1.16037 1.41098 0.886322
0.768054 1.44449 0.891897
0.775408 1.42775 0.885497
1.00187 1.42552 0.897745
0.76255 1.45603 0.882025
0.766737 1.50277 0.894124
0.767042 1.56624 0.890752
0.762377 1.59232 0.894995
0.767246 1.63589 0.888296
0.761556 1.65375 0.88024
0.766614 1.70999 0.885498
0.764531 1.75459 0.897707
0.764559 1.78655 0.880975
0.757272 1.82117 0.894322
0.747736 1.98968 0.881875
1.05381 4.41555 0.888613
1.09243 4.42466 0.893682
1.01867 4.42841 0.887706
1.13224 4.43771 0.899534
0.987839 4.47381 0.89287
0.95729 4.52673 0.899401
0.889116 4.88681 0.884011
0.770004 4.91512 0.87964
0.851584 4.91781 0.886105
0.690372 4.93704 0.877398
0.730614 4.93134 0.879369
0.811857 4.93062 0.885207
1.16734 1.3909 0.917014
0.774811 1.42079 0.924121
0.788732 1.42334 0.911804
0.813405 1.41954 0.912543
0.839495 1.41825 0.911947
0.862949 1.41613 0.912744
0.884798 1.41895 0.913114
0.912005 1.41916 0.911669
0.938729 1.41487 0.912648
0.957856 1.41975 0.907766
0.984593 1.4201 0.913509
1.0162 1.41769 0.914791
1.03656 1.41242 0.912819
1.0647 1.41468 0.912332
1.0889 1.41878 0.913552
1.10982 1.41653 0.910445
1.13167 1.40868 0.91042
1.15678 1.41254 0.911683
0.769803 1.4388 0.908405
1.00019 1.42843 0.913605
0.762617 1.45991 0.912639
0.760703 1.47522 0.920455
0.764638 1.50841 0.910878
0.76958 1.55385 0.91466
0.761565 1.60373 0.91539
0.764668 1.64036 0.904674
0.764098 1.67934 0.908366
0.766497 1.73319 0.919461
0.762467 1.76217 0.916271
0.762841 1.79552 0.900171
0.756513 1.99048 0.917721
0.744062 2.01205 0.923788
0.751945 2.03239 0.916946
1.05066 4.42101 0.922754
1.01523 4.43237 0.921511
0.982583 4.46492 0.924399
0.523355 4.94832 0.903177
0.563756 4.93035 0.902945
0.604943 4.94501 0.908324
0.64527 4.93716 0.909923
0.686798 4.94923 0.914966
0.726802 4.93794 0.916072
0.767202 4.93397 0.918479
0.808764 4.94398 0.92336
0.84894 4.93439 0.92487
0.789559 1.42024 0.944313
0.811995 1.41972 0.93838
0.833674 1.41417 0.934196
0.862709 1.41655 0.937479
0.88717 1.42018 0.944523
0.909225 1.42198 0.939433
0.938182 1.41849 0.934362
0.966392 1.41896 0.933466
0.989783 1.42045 0.936128
1.01218 1.41916 0.936944
1.0407 1.41526 0.939004
1.05816 1.41201 0.934258
1.08756 1.41642 0.938042
1.10994 1.41433 0.935708
1.13412 1.41045 0.93323
1.1686 1.41206 0.937522
0.767726 1.43306 0.938109
0.788546 1.425 0.931973
0.93007 1.42587 0.944998
0.759141 1.45193 0.935876
0.757776 1.47829 0.935718
0.762097 1.51281 0.927031
0.763509 1.55236 0.934111
0.766596 1.59302 0.934161
0.763111 1.62505 0.942079
0.765499 1.66692 0.941161
0.761742 1.68543 0.925996
0.763726 1.73799 0.936673
0.759668 1.76702 0.933574
0.766156 1.82778 0.931716
0.75897 1.85623 0.934634
0.752299 1.98978 0.933389
1.08931 4.43006 0.928032
1.12847 4.44024 0.933598
0.951883 4.51809 0.931287
0.518732 4.94833 0.938291
0.559715 4.94735 0.941058
0.600317 4.94302 0.943306
0.640929 4.94068 0.945957
0.888869 4.92523 0.926515
1.18265 1.39839 0.958875
0.786342 1.41948 0.962335
0.812052 1.41779 0.959615
0.838981 1.41614 0.96239
0.861328 1.41894 0.965876
0.883549 1.42045 0.968517
0.913548 1.41949 0.965347
0.936136 1.42037 0.967696
0.96602 1.4176 0.963444
0.985068 1.41711 0.963491
1.01473 1.41424 0.962903
1.0393 1.41602 0.959753
1.06151 1.41154 0.967004
1.08582 1.41611 0.958324
1.11812 1.41283 0.965143
1.14464 1.41623 0.959037
1.16009 1.41546 0.965224
1.17509 1.41149 0.961591
0.772218 1.43728 0.96208
0.77789 1.42746 0.973549
0.895745 1.42532 0.961054
0.928092 1.4293 0.961357
0.956224 1.42657 0.964016
0.760791 1.45607 0.961143
0.757719 1.49239 0.958672
0.766483 1.54321 0.960412
0.761068 1.56559 0.96329
0.762182 1.59866 0.958581
0.760346 1.62984 0.95913
0.761287 1.67421 0.967082
0.76054 1.70551 0.959228
0.760881 1.74292 0.954129
0.765169 1.84149 0.954126
0.757229 1.87724 0.968693
0.749228 1.9951 0.951995
0.746071 2.00057 0.970846
1.04257 4.39502 0.950654
1.00959 4.42214 0.952567
1.0853 4.43101 0.961621
1.12263 4.43035 0.965196
0.977202 4.45624 0.955894
0.948351 4.52421 0.966037
0.722801 4.94487 0.952994
0.763277 4.94077 0.955488
0.845313 4.94268 0.962441
0.885153 4.93167 0.963827
0.51407 4.95641 0.974952
0.682711 4.95631 0.951861
0.806927 4.97516 0.96501
0.790646 1.42036 0.98985
0.808126 1.42309 0.983751
0.834947 1.42063 0.986138
0.862258 1.41883 0.989255
0.889564 1.42003 0.991535
0.910517 1.41841 0.984185
0.937386 1.4197 0.99139
0.963015 1.41481 0.989437
0.990838 1.41762 0.989997
1.01238 1.41665 0.985639
1.03816 1.40999 0.993515
1.06161 1.41403 0.987027
1.08781 1.41466 0.982664
1.11461 1.41825 0.987983
1.13733 1.41689 0.997329
1.15488 1.4145 0.987305
1.18199 1.41154 0.986641
0.770595 1.44009 0.988316
0.841277 1.42567 0.999679
1.146 1.42587 0.988839
0.763465 1.46444 0.989962
0.760991 1.48673 0.987006
0.75722 1.50526 0.981138
0.765167 1.55349 0.98114
0.759512 1.58329 0.995958
0.759334 1.6036 0.975846
0.761595 1.65168 0.987034
0.758328 1.67934 0.984768
0.756127 1.71315 0.985768
0.763129 1.77102 0.985098
0.763045 1.81917 0.992557
0.758692 1.90471 0.999046
0.756436 1.99062 0.986462
1.03891 4.39935 0.984604
1.0061 4.42818 0.986947
1.0819 4.43689 0.996336
1.11798 4.4284 0.998392
0.975571 4.47706 0.993491
0.796121 4.89988 0.987085
0.675608 4.91661 0.980211
0.715593 4.90536 0.981376
0.879228 4.91793 0.997461
0.636133 4.93899 0.981137
0.757737 4.92836 0.98905
0.840564 4.9409 0.998294
0.555162 4.95523 0.977804
0.595864 4.95073 0.98012
0.781977 1.42104 1.01225
0.816255 1.42234 1.01264
0.838239 1.41959 1.01557
0.863118 1.41884 1.01315
0.887991 1.41742 1.01031
0.915796 1.4186 1.01295
0.962122 1.41302 1.00935
0.986664 1.41985 1.01348
1.00912 1.41795 1.01453
1.03558 1.40912 1.01365
1.06741 1.417 1.00752
1.08604 1.41305 1.01114
1.1128 1.41805 1.00916
1.1346 1.41762 1.01318
1.16174 1.41361 1.0151
1.17596 1.41198 1.00373
0.769255 1.43241 1.01122
0.795226 1.42743 1.01164
0.811807 1.42671 1.00293
0.943623 1.4264 1.01392
0.767641 1.46321 1.022
0.763224 1.49386 1.01553
0.762098 1.53881 1.01851
0.765244 1.56936 1.00593
0.759245 1.61975 1.00055
0.760006 1.66243 1.00841
0.76137 1.71007 1.01851
0.764933 1.7979 1.01596
0.76119 1.83038 1.01443
0.766226 1.88566 1.00919
0.763141 1.985 1.02087
0.754045 2.00076 1.00802
1.03393 4.39598 1.017
1.10802 4.39565 1.02482
0.999986 4.41678 1.01768
0.943434 4.80672 1.01896
0.588887 4.89682 1.00522
0.629104 4.89316 1.00781
0.548529 4.90472 1.00353
1.18072 1.39374 1.0397
0.770289 1.42162 1.03609
0.789567 1.42223 1.0453
0.837487 1.42023 1.0368
0.868381 1.42139 1.03573
0.883702 1.41318 1.03512
0.912016 1.41914 1.0384
0.934969 1.41605 1.0419
0.958196 1.41782 1.03742
0.986129 1.41878 1.03448
1.01758 1.4163 1.04229
1.03267 1.41016 1.02935
1.06461 1.41417 1.03525
1.09661 1.42042 1.0394
1.10696 1.41149 1.03959
1.13595 1.41478 1.03781
1.16598 1.41126 1.03575
0.760954 1.43279 1.03912
0.786991 1.42769 1.03967
0.810578 1.42784 1.03454
0.908195 1.42576 1.02973
0.94102 1.42891 1.03037
0.755819 1.45168 1.04116
0.763883 1.49572 1.04076
0.765312 1.53324 1.04856
0.762054 1.55488 1.04424
0.759995 1.61045 1.03587
0.759375 1.63752 1.02675
0.758314 1.67336 1.03021
0.761621 1.75564 1.02641
0.758902 1.98634 1.03814
0.746388 2.00802 1.04503
0.750688 2.00657 1.02759
1.0739 4.41476 1.02505
0.969912 4.46886 1.02518
0.909698 4.86516 1.0269
0.832683 4.90855 1.02818
0.872994 4.90273 1.03066
1.19746 1.39873 1.06764
0.774579 1.41519 1.05776
0.79114 1.42051 1.06105
0.824303 1.42307 1.05392
0.843104 1.4205 1.06119
0.863848 1.42257 1.07245
0.889833 1.41756 1.05975
0.917831 1.41807 1.06245
0.93951 1.41552 1.06307
0.958155 1.42123 1.06707
0.986945 1.4207 1.05812
1.01135 1.41842 1.06292
1.03403 1.40881 1.05433
1.06576 1.41553 1.05914
1.09143 1.42039 1.06254
1.10326 1.41389 1.06476
1.13069 1.41439 1.06092
1.1637 1.41021 1.05718
1.18972 1.41214 1.07064
0.814632 1.42848 1.06373
0.862971 1.42709 1.05839
0.768999 1.48286 1.05093
0.760921 1.50085 1.05889
0.762653 1.53985 1.06793
0.761879 1.57119 1.07059
0.76211 1.66679 1.06111
0.757856 1.69016 1.05617
0.761676 1.77554 1.05406
0.762292 1.96647 1.06537
0.749907 1.98792 1.07241
0.753423 1.98183 1.05234
0.996215 4.42331 1.05236
1.03023 4.40238 1.05164
1.06728 4.40223 1.05567
1.10443 4.40187 1.05971
0.965874 4.47586 1.06026
0.974778 4.77444 1.05183
0.941546 4.83199 1.05991
0.863458 4.85525 1.05704
0.905409 4.87059 1.06403
0.813798 1.41726 1.07789
0.844195 1.42261 1.08791
0.860298 1.41605 1.08877
0.884103 1.42249 1.08225
0.911927 1.4183 1.08483
0.936679 1.42243 1.09113
0.9649 1.42455 1.08077
0.990532 1.41765 1.08932
1.01634 1.41745 1.08472
1.03435 1.41259 1.08797
1.06043 1.41675 1.08595
1.09136 1.41602 1.08626
1.11868 1.41619 1.08216
1.13446 1.41585 1.08981
1.16208 1.41552 1.08552
1.19579 1.41363 1.09217
0.804693 1.42903 1.08129
0.832249 1.4263 1.08446
0.971669 1.42782 1.09462
0.748753 1.52192 1.0837
0.757139 1.5034 1.07526
0.75954 1.54524 1.08664
0.749078 1.59336 1.09602
0.760855 1.58496 1.09553
0.765415 1.62106 1.08583
0.759066 1.64306 1.08822
0.761256 1.68227 1.0868
0.759008 1.78416 1.07511
0.7558 1.96972 1.09235
0.744014 1.98213 1.08599
0.99029 4.41557 1.08388
1.02615 4.40745 1.08613
1.06348 4.40879 1.09066
1.10274 4.4208 1.09779
0.959938 4.46814 1.09206
0.970713 4.78148 1.08903
0.937365 4.83924 1.09745
0.86829 1.42088 1.10716
0.894439 1.42225 1.10989
0.908949 1.41445 1.11511
0.962172 1.42027 1.11123
0.986428 1.42126 1.11546
1.01334 1.41565 1.11408
1.04188 1.41621 1.11431
1.06448 1.41206 1.11459
1.08447 1.41345 1.10782
1.11105 1.41241 1.10292
1.1319 1.4203 1.1177
1.15947 1.41954 1.11319
1.18927 1.41142 1.1149
0.884824 1.42824 1.12034
0.937624 1.42612 1.11687
0.954272 1.42995 1.10451
0.752601 1.57126 1.10039
0.762162 1.6267 1.10506
0.741999 1.66162 1.11873
0.75419 1.6525 1.11791
0.757914 1.68806 1.10624
0.761464 1.74591 1.12444
0.760091 1.86028 1.11751
0.755382 1.89044 1.11431
0.749135 1.97326 1.1198
0.76149 1.95186 1.11242
0.985123 4.41452 1.11696
1.02076 4.40479 1.1189
1.05881 4.41088 1.12475
0.901125 4.87801 1.10175
1.19912 1.39587 1.1392
0.946712 1.42005 1.1382
0.963567 1.42085 1.13867
0.975785 1.42269 1.12846
1.01499 1.41945 1.14094
1.03887 1.42143 1.14261
1.05747 1.41321 1.13547
1.08874 1.41704 1.13897
1.11934 1.42205 1.13962
1.13705 1.42137 1.13919
1.15763 1.41972 1.13668
1.18578 1.41397 1.14198
0.93342 1.42707 1.14463
0.991667 1.42518 1.13824
1.11268 1.42758 1.14842
0.754429 1.69409 1.1261
0.759172 1.75788 1.14872
0.754256 1.88239 1.13695
0.740634 1.90999 1.12932
0.755428 1.94636 1.12608
0.742992 1.9679 1.13371
1.09885 4.42754 1.13326
0.954709 4.4672 1.12545
0.96648 4.78881 1.12647
0.891738 4.83827 1.12918
0.933011 4.84678 1.13524
0.780717 4.96256 1.14443
1.19814 1.39955 1.15931
0.966576 1.42064 1.15801
1.00899 1.42319 1.16422
1.04867 1.41846 1.16422
1.06635 1.41883 1.16479
1.08299 1.41701 1.16339
1.11422 1.42291 1.16505
1.1386 1.41968 1.16688
1.16196 1.41422 1.16687
1.18253 1.41193 1.16403
0.989443 1.42903 1.15745
1.03676 1.42509 1.16197
0.746636 1.74759 1.17405
0.756152 1.76711 1.17141
0.761346 1.83811 1.16964
0.749361 1.91087 1.16059
0.980536 4.42046 1.15188
1.01663 4.41195 1.15417
1.05667 4.4306 1.16339
1.09354 4.42674 1.16702
0.950166 4.47307 1.1606
0.887663 4.85132 1.16821
0.812303 4.91585 1.17454
0.743982 5.02619 1.15436
0.705889 5.08816 1.16391
0.665286 5.11849 1.16653
1.20941 1.39604 1.18241
1.03839 1.4216 1.19156
1.06245 1.42259 1.19285
1.08818 1.41903 1.18605
1.11507 1.42044 1.19222
1.14249 1.41528 1.18845
1.16719 1.41516 1.1892
1.17944 1.40795 1.19182
1.20148 1.40977 1.18569
0.993069 1.42976 1.17812
1.01456 1.42753 1.18841
1.03463 1.42877 1.18154
1.10365 1.42522 1.1794
0.759976 1.90848 1.18176
0.747808 1.92956 1.18963
1.01188 4.41618 1.18888
1.08658 4.41678 1.19844
0.975945 4.42642 1.18696
1.05049 4.42529 1.19592
0.945257 4.47757 1.19557
0.851648 4.8997 1.17508
0.776275 4.97825 1.18457
0.739324 5.04225 1.19491
0.614654 5.06419 1.18765
1.20777 1.39887 1.20231
1.06182 1.41468 1.20658
1.08559 1.4215 1.20503
1.10544 1.41413 1.21166
1.135 1.41592 1.21016
1.16541 1.41826 1.20922
1.18875 1.41183 1.20876
1.20607 1.40183 1.22262
0.754929 1.88323 1.22263
0.748427 1.90449 1.21365
0.756044 1.91529 1.20344
0.743761 1.93657 1.21153
1.00561 4.41104 1.22123
0.971196 4.43264 1.22228
0.882877 4.85961 1.20639
0.807273 4.92456 1.21303
0.846722 4.90824 1.21355
0.555757 4.9262 1.22439
0.604952 4.97499 1.20385
0.770288 4.97662 1.22095
0.730872 5.00489 1.22328
0.649464 5.0419 1.22349
0.700572 5.09737 1.20324
0.659829 5.12794 1.206
1.20061 1.39929 1.23774
1.09073 1.4236 1.22843
1.11612 1.41829 1.2332
1.13466 1.4115 1.23649
1.15962 1.41828 1.23525
1.18904 1.41465 1.23347
0.74284 1.90417 1.23083
1.03064 4.36767 1.24797
0.996571 4.38869 1.24888
1.08226 4.42426 1.23449
1.04825 4.44718 1.23574
1.12416 4.44969 1.24635
0.948246 4.77439 1.23095
0.91466 4.83256 1.2407
0.877905 4.86823 1.24487
0.637347 4.91888 1.23085
0.680672 4.96384 1.24593
0.721499 4.95513 1.24814
0.691794 5.05058 1.22972
1.16445 1.41524 1.25937
1.19453 1.40648 1.26512
0.746614 1.89763 1.26763
0.752337 1.89771 1.25003
0.73862 1.91147 1.25336
1.07332 4.40376 1.26297
0.94064 4.75956 1.26322
0.907084 4.81768 1.27329
0.588345 4.86976 1.25049
0.66816 4.85151 1.25452
0.549082 4.91776 1.25817
0.630295 4.9031 1.263
0.711648 4.90219 1.27156
0.841446 4.91537 1.25189
0.762159 4.9487 1.251
0.801612 4.92837 1.25053
1.18585 1.41485 1.27851
1.10097 4.37987 1.29547
1.11895 4.45272 1.28174
0.872069 4.87033 1.28192
0.791492 4.8799 1.27502
0.83302 4.88997 1.28221
0.752493 4.90144 1.27586
0.900452 4.81317 1.30845
0.82248 4.84222 1.30639
0.865878 4.87306 1.31928
0.89366 4.80894 1.34371
0.880221 4.74221 1.36158
0.84598 4.80152 1.37299
0.859017 4.86894 1.35491
1.14164 4.46942 1.39681
0.817884 4.80418 1.51988
0.609232 4.81758 1.53287
0.649564 4.81372 1.53706
0.901316 4.82968 1.53946
0.86454 4.86937 1.54591
0.92921 4.78136 1.56734
0.730946 4.82477 1.55168
0.691292 4.83745 1.55003
0.773749 4.85263 1.5662
0.895597 4.84758 1.58252
0.818044 4.89391 1.5852
0.857945 4.8808 1.58704
0.922607 4.7928 1.60835
0.888251 4.8523 1.62165
0.913556 4.78247 1.64227
0.850969 4.89088 1.62804
0.811086 4.90596 1.62677
0.879163 4.84205 1.65594
0.842503 4.88754 1.66482
0.904903 4.77746 1.67799
0.870426 4.83718 1.69204
0.897877 4.78963 1.71984
0.835104 4.89836 1.70653
0.812183 5.01806 1.70208
0.863181 4.84973 1.73434
0.651089 5.39308 1.84187
0.60603 5.40913 1.84069
0.561303 5.4486 1.84743
0.639308 5.34949 1.8683
0.549015 5.37388 1.86351
0.697646 5.40644 1.85303
0.743072 5.40176 1.85828
0.59537 5.38959 1.87542
