-0 -0 0
-0 -0 0
-0 -0 0
-0 -0 0
-0 -0 0
-0 -0 0
-0 -0 0
-0 -0 0
-0 -0 0
-0 -0 0
-0 -0 0
-0 -0 0
-0 -0 0
-0 -0 0
-0 -0 0
-0 -0 0
-0 -0 0
-0 -0 0
-0 -0 0
-0 -0 0
-0 -0 0
-0 -0 0
-0 -0 0
-0 -0 0
-0 -0 0
-0 -0 0
-0 -0 0
-0 -0 0
-0 -0 0
-0 -0 0
-0 -0 0
-0 -0 0
-0 -0 0
-0 -0 0
-0 -0 0
-0 -0 0
-0 -0 0
-0 -0 0
-0 -0 0
-0 -0 0
-0 -0 0
-0 -0 0
-0 -0 0
-0 -0 0
-0 -0 0
-60.1317 -79.901 0
-59.8824 -80.0881 0
-59.6325 -80.2743 0
-59.382 -80.4598 0
-59.131 -80.6445 0
-58.8793 -80.8284 0
-58.6271 -81.0115 0
-58.3744 -81.1938 0
-58.121 -81.3753 0
-0 -0 0
-0 -0 0
-0 -0 0
-0 -0 0
-0 -0 0
-0 -0 0
-0 -0 0
-0 -0 0
-0 -0 0
-0 -0 0
-0 -0 0
-0 -0 0
-0 -0 0
-0 -0 0
-0 -0 0
-0 -0 0
-0 -0 0
-0 -0 0
-1.90148 -3.02619 0
-1.89204 -3.0321 0
-1.88258 -3.03799 0
-1.87835 -3.05236 0
-1.87091 -3.06161 0
-1.85928 -3.064 0
-1.85282 -3.07492 0
-1.84323 -3.08068 0
-1.83975 -3.09673 0
-1.83009 -3.10245 0
-1.82041 -3.10814 0
-1.81675 -3.12417 0
-1.807 -3.12982 0
-1.79724 -3.13543 0
-1.79339 -3.15145 0
-1.77864 -3.14832 0
-1.77371 -3.16257 0
-1.76385 -3.16808 0
-1.75396 -3.17356 0
-1.74503 -3.18076 0
-1.74084 -3.19673 0
-1.73182 -3.2039 0
-1.72183 -3.20928 0
-1.71746 -3.22522 0
-1.70647 -3.22879 0
-1.69825 -3.23763 0
-1.68169 -3.23049 0
-1.4614 -2.82881 0
-1.42155 -2.77284 0
-1.40837 -2.76834 0
-1.40514 -2.78343 0
-1.4305 -2.85575 0
-1.68419 -3.38853 0
-1.68247 -3.4117 0
-1.67622 -3.42591 0
-1.66553 -3.43112 0
-1.65657 -3.4399 0
-0 -0 0
-1.63681 -3.45377 0
-0 -0 0
-0.993998 -2.13164 0
-0.951248 -2.05667 0
-0.95484 -2.08144 0
-0.945864 -2.07894 0
-0.906477 -2.00896 0
-0.839761 -1.87668 0
-0.803083 -1.80982 0
-0.799049 -1.81598 0
-0.792586 -1.81663 0
-0.788508 -1.82276 0
-0.782824 -1.82521 0
-0.776349 -1.8258 0
-0.778423 -1.84664 0
-0.79734 -1.90811 0
-2.84946 -6.87921 0
-2.83256 -6.89916 0
-2.81406 -6.91536 0
-0 -0 0
-0 -0 0
-0 -0 0
-0 -0 0
-0 -0 0
-0 -0 0
-0 -0 0
-0 -0 0
-0 -0 0
-0 -0 0
-0 -0 0
-0 -0 0
-0 -0 0
-0 -0 0
-0 -0 0
-0 -0 0
-2.07924 -6.00206 0
-2.48936 -7.25902 0
-2.03407 -5.99217 0
-0 -0 0
-0 -0 0
-0 -0 0
-0 -0 0
-0 -0 0
-0 -0 0
-0.478122 -1.51641 0
-0.478753 -1.53508 0
-0 -0 0
-0 -0 0
-0 -0 0
-0 -0 0
-0 -0 0
-0 -0 0
-0 -0 0
-0 -0 0
-0 -0 0
-0 -0 0
-0 -0 0
-1.14838 -4.23299 0
-1.16262 -4.33894 0
-2.04185 -7.71642 0
-1.65124 -6.31984 0
-1.10501 -4.28377 0
-1.63699 -6.42886 0
-1.59793 -6.35828 0
-1.93725 -7.81136 0
-1.91242 -7.81542 0
-1.89369 -7.84467 0
-1.87293 -7.8661 0
-1.85115 -7.88358 0
-1.83559 -7.92828 0
-1.81221 -7.93981 0
-1.79141 -7.96298 0
-1.76918 -7.98024 0
-1.74856 -8.00526 0
-1.72571 -8.02045 0
-1.70319 -8.03752 0
-1.68385 -8.0702 0
-1.6603 -8.08325 0
-1.63669 -8.09622 0
-1.61769 -8.13267 0
-1.59464 -8.14945 0
-1.57415 -8.17991 0
-1.5505 -8.1946 0
-1.52788 -8.21513 0
-1.50443 -8.23165 0
-1.48371 -8.26386 0
-1.45969 -8.27829 0
-1.43627 -8.2966 0
-1.41476 -8.32667 0
-1.39077 -8.34287 0
-1.36896 -8.37283 0
-1.1257 -7.02235 0
-1.32295 -8.42071 0
-1.08981 -7.08062 0
-1.2761 -8.46637 0
-1.2535 -8.49603 0
-1.22873 -8.51177 0
-1.20583 -8.5413 0
-1.18112 -8.55889 0
-0.971118 -7.20283 0
-0.936917 -7.11659 0
-1.11098 -8.64692 0
-1.08701 -8.67416 0
-1.06191 -8.69338 0
-1.03765 -8.72048 0
-0.842016 -7.2694 0
-0.987751 -8.76653 0
-0.802349 -7.3262 0
-0.767454 -7.2153 0
-0.726277 -7.03662 0
-0.705339 -7.0488 0
-0.684331 -7.06092 0
-0.664749 -7.0889 0
-0.660704 -7.29012 0
-0.786493 -8.98966 0
-0.75948 -9.00403 0
-0.606922 -7.4734 0
-0.58674 -7.51513 0
-0.559579 -7.46706 0
-0.539025 -7.50667 0
-0.518368 -7.54822 0
-0.490785 -7.48793 0
-0.469688 -7.52536 0
-0.452268 -7.62861 0
-0.518988 -9.24144 0
-0.491878 -9.27497 0
-0.463666 -9.29044 0
-0.436391 -9.3278 0
-0.408539 -9.35709 0
-0.380346 -9.38229 0
-0.351851 -9.40342 0
-0.323502 -9.43246 0
-0.294663 -9.45141 0
-0.266271 -9.49027 0
-0.23734 -9.51704 0
-0.208157 -9.53973 0
-0.179172 -9.58033 0
-0.149749 -9.60883 0
-0.120225 -9.64325 0
-0.0904689 -9.67558 0
-0.0604751 -9.70181 0
-0.0303934 -9.75195 0
1.82984e-07 -9.772 0
0.0305434 -9.79995 0
0.0613606 -9.84381 0
0.092227 -9.86357 0
0.123342 -9.89323 0
0.154643 -9.9228 0
0.186166 -9.95426 0
0.218018 -9.99162 0
0.249706 -10.0129 0
0.281641 -10.0381 0
0.314109 -10.0751 0
0.346879 -10.1141 0
0.379446 -10.1409 0
0.41267 -10.1796 0
0.445965 -10.2143 0
0.383303 -8.19304 0
0.408238 -8.17982 0
0.434683 -8.19648 0
0.461236 -8.21306 0
0.487778 -8.22755 0
0.52463 -8.40564 0
0.555927 -8.4818 0
0.581263 -8.46406 0
0.617237 -8.59587 0
0.791093 -10.5564 0
0.827103 -10.5938 0
0.862545 -10.621 0
0.900181 -10.6721 0
0.936402 -10.7031 0
0.972643 -10.732 0
1.01019 -10.7727 0
1.04839 -10.8173 0
1.08589 -10.8518 0
1.12237 -10.8742 0
1.16176 -10.9224 0
1.20211 -10.9764 0
1.24146 -11.0183 0
1.28017 -11.0521 0
1.31933 -11.0878 0
1.35995 -11.1332 0
1.39961 -11.1686 0
1.44232 -11.2257 0
1.48434 -11.2747 0
1.52482 -11.3097 0
1.56717 -11.3564 0
1.60927 -11.399 0
1.65021 -11.4315 0
1.39946 -9.48532 0
1.38818 -9.20997 0
1.41749 -9.20955 0
1.44929 -9.22485 0
1.50272 -9.37432 0
1.91403 -11.7066 0
1.95872 -11.7499 0
1.62079 -9.53929 0
1.13537 -6.55845 0
1.15511 -6.55094 0
1.17552 -6.54731 0
1.19736 -6.55148 0
1.21777 -6.54772 0
0 -0 0
1.2544 -6.5184 0
0 -0 0
1.34261 -6.74976 0
1.3791 -6.822 0
1.40035 -6.81767 0
0 -0 0
1.43785 -6.78533 0
0 -0 0
1.48865 -6.81531 0
1.51984 -6.85555 0
1.55349 -6.90542 0
1.38408 -6.06405 0
1.36553 -5.89799 0
1.37796 -5.86839 0
1.38188 -5.80375 0
1.39715 -5.78775 0
1.41138 -5.76783 0
1.42694 -5.7537 0
1.44145 -5.73564 0
1.45291 -5.70593 0
1.44571 -5.60454 0
1.41008 -5.39683 0
1.42996 -5.40401 0
1.49339 -5.57339 0
1.52646 -5.62662 0
1.5424 -5.61605 0
1.55614 -5.59772 0
1.5725 -5.589 0
1.58553 -5.56868 0
1.599 -5.55026 0
1.61461 -5.53949 0
0 -0 0
0 -0 0
0 -0 0
0 -0 0
0 -0 0
0 -0 0
0 -0 0
0.264199 -0.828914 0
0.266781 -0.828087 0
0.266264 -0.817743 0
0.268812 -0.816909 0
0.271356 -0.816067 0
0.273262 -0.813322 0
0.276438 -0.81436 0
0.275082 -0.802143 0
0.280854 -0.810731 0
0.283379 -0.809852 0
0.28257 -0.799536 0
0.28506 -0.798652 0
0.28687 -0.795878 0
0.290033 -0.796859 0
0.291825 -0.794074 0
0.294299 -0.793161 0
0.296068 -0.790367 0
0.294993 -0.780087 0
0.296709 -0.777295 0
0.299849 -0.778233 0
0.301548 -0.775431 0
0.304694 -0.776349 0
0.307113 -0.775395 0
0.309528 -0.774434 0
0.311192 -0.771611 0
0.313595 -0.770637 0
0.315995 -0.769656 0
0.314566 -0.759429 0
0.320787 -0.767672 0
0.319293 -0.757453 0
0.321653 -0.756455 0
0.324009 -0.755449 0
0.320803 -0.741586 0
0.323913 -0.742415 0
0.329447 -0.748725 0
0.328534 -0.740382 0
0.335741 -0.750308 0
0.333143 -0.73832 0
0.33627 -0.739098 0
0.338572 -0.738047 0
0.338352 -0.731542 0
0.342321 -0.734109 0
0.342905 -0.729419 0
0.345177 -0.728347 0
0.350032 -0.732681 0
0.34971 -0.726181 0
0.347605 -0.716091 0
0.35423 -0.723987 0
0.358254 -0.726467 0
0.360516 -0.725347 0
0.356505 -0.711702 0
0.362327 -0.717729 0
0.360934 -0.709466 0
0.363144 -0.708338 0
0.36535 -0.707203 0
0.367552 -0.706061 0
0 -0 0
0 -0 0
0 -0 0
0 -0 0
0 -0 0
0 -0 0
0 -0 0
0 -0 0
0 -0 0
0.388397 -0.69252 0
0.384651 -0.680858 0
0.392706 -0.690085 0
0.388887 -0.678447 0
0.391 -0.677232 0
0.393109 -0.67601 0
0.395214 -0.674782 0
0.397315 -0.673546 0
0.399412 -0.672305 0
0.401506 -0.671057 0
0.403595 -0.669802 0
0.406718 -0.670251 0
0.40672 -0.665567 0
0.408792 -0.664296 0
0.411914 -0.664719 0
0.413983 -0.663432 0
0.409665 -0.651978 0
0.411695 -0.650698 0
0.413721 -0.649411 0
0.415743 -0.648119 0
0.416676 -0.64514 0
0.418684 -0.643838 0
0.421784 -0.644203 0
0.42379 -0.642886 0
0.425792 -0.641562 0
0.427789 -0.640232 0
0.429782 -0.638895 0
0.431772 -0.637553 0
0.426997 -0.626289 0
0.435737 -0.634849 0
0.437714 -0.633488 0
0.438544 -0.630479 0
0 -0 0
0 -0 0
0 -0 0
0 -0 0
0 -0 0
0 -0 0
0 -0 0
0 -0 0
0 -0 0
0.452014 -0.608479 0
0.453909 -0.607068 0
0.457001 -0.607248 0
0.455269 -0.601038 0
0.459565 -0.602797 0
0.461441 -0.601362 0
0.463313 -0.599921 0
0.465181 -0.598474 0
0.458418 -0.585994 0
0.468902 -0.595563 0
0.470756 -0.594098 0
0.472605 -0.592628 0
0.47445 -0.591152 0
0.47629 -0.589671 0
0.479387 -0.589736 0
0.479956 -0.586691 0
0.475427 -0.577472 0
0.483604 -0.583687 0
0.482859 -0.579105 0
0.484662 -0.577597 0
0.482589 -0.5715 0
0.490843 -0.577613 0
0.492641 -0.576081 0
0.494434 -0.574543 0
0.487057 -0.562416 0
0.488808 -0.560895 0
0.499784 -0.569895 0
0.493618 -0.559337 0
0.49403 -0.5563 0
0.505091 -0.565197 0
0.498826 -0.554697 0
0.501894 -0.554623 0
0.500927 -0.550098 0
0.502639 -0.548534 0
0.504346 -0.546965 0
0.506049 -0.545391 0
0.507746 -0.543811 0
0.509438 -0.542226 0
0.511126 -0.540635 0
0.514187 -0.540489 0
0.51172 -0.534549 0
0.516158 -0.535833 0
0.519218 -0.535658 0
0 -0 0
0 -0 0
0 -0 0
0 -0 0
0 -0 0
0 -0 0
0 -0 0
0 -0 0
0 -0 0
3.25416 -3.15428 0
3.26973 -3.14968 0
3.28242 -3.14224 0
3.2893 -3.12923 0
3.29904 -3.11897 0
3.31166 -3.11141 0
3.31842 -3.09834 0
3.33099 -3.0907 0
3.3406 -3.08031 0
3.36936 -3.08745 0
3.4041 -3.09982 0
3.44489 -3.11738 0
3.49177 -3.14006 0
3.63426 -3.24777 0
3.75204 -3.33205 0
3.85238 -3.39974 0
4.06896 -3.56838 0
0 -0 0
4.12438 -3.57175 0
4.14156 -3.5641 0
4.26817 -3.64996 0
0 -0 0
0 -0 0
0 -0 0
0 -0 0
0 -0 0
0 -0 0
0 -0 0
0 -0 0
0 -0 0
0 -0 0
0 -0 0
0 -0 0
12.774 -10.0573 0
12.7674 -9.98783 0
12.789 -9.94063 0
1.59557 -1.23224 0
1.44073 -1.10551 0
1.44258 -1.0998 0
1.43484 -1.08685 0
1.42863 -1.07516 0
1.42236 -1.06351 0
1.40962 -1.04715 0
1.41126 -1.04156 0
1.39999 -1.02651 0
1.39348 -1.01508 0
1.38692 -1.0037 0
1.37867 -0.991197 0
1.37362 -0.981083 0
1.35546 -0.961752 0
1.36009 -0.958675 0
1.35324 -0.947548 0
1.34469 -0.935332 0
1.32786 -0.917493 0
1.33071 -0.91335 0
1.31868 -0.899059 0
1.3165 -0.89158 0
1.32094 -0.888589 0
1.31538 -0.878912 0
1.32478 -0.879232 0
1.32752 -0.875099 0
1.33024 -0.870957 0
1.33295 -0.866807 0
1.339 -0.864819 0
1.33832 -0.858482 0
1.3528 -0.861829 0
1.35548 -0.857608 0
1.35645 -0.852315 0
1.3608 -0.849142 0
1.37364 -0.851218 0
1.37799 -0.847981 0
1.38233 -0.844725 0
1.38154 -0.838338 0
1.38414 -0.834028 0
1.39017 -0.831764 0
1.39963 -0.831513 0
1.40222 -0.827147 0
1.40651 -0.823783 0
1.41945 -0.825428 0
1.41162 -0.815 0
1.42457 -0.816564 0
1.4271 -0.81212 0
0 -0 0
1.4426 -0.809079 0
1.44687 -0.805552 0
1.45987 -0.806843 0
1.46063 -0.801327 0
1.46663 -0.798684 0
1.46911 -0.794109 0
1.46982 -0.788581 0
1.48286 -0.789637 0
1.48531 -0.785011 0
1.48775 -0.780378 0
1.49018 -0.775738 0
1.49259 -0.771089 0
1.49676 -0.767346 0
1.50984 -0.768119 0
1.51223 -0.763409 0
1.52533 -0.764067 0
1.52771 -0.759309 0
1.53007 -0.754544 0
1.54319 -0.755046 0
1.54553 -0.750233 0
1.56048 -0.751487 0
1.56281 -0.74662 0
1.57236 -0.745171 0
1.62174 -0.76239 0
0 -0 0
2.56131 -1.18465 0
0 -0 0
2.51949 -1.1463 0
4.61769 -2.08358 0
4.65337 -2.08225 0
4.6708 -2.0726 0
4.68823 -2.06287 0
4.69647 -2.04905 0
4.71935 -2.04155 0
4.72569 -2.02683 0
4.7375 -2.01444 0
4.74376 -1.99966 0
4.74443 -1.98255 0
4.81341 -1.99378 0
4.91026 -2.01599 0
4.92393 -2.00369 0
4.94128 -1.99282 0
4.92889 -1.96999 0
4.92013 -1.94873 0
7.53263 -2.95634 0
7.58095 -2.94807 0
7.71888 -2.97404 0
7.67766 -2.93072 0
7.63438 -2.88697 0
7.55156 -2.82878 0
6.55905 -2.4337 0
0 -0 0
6.36548 -2.31684 0
0 -0 0
6.30445 -2.25023 0
6.26806 -2.21524 0
6.23341 -2.18116 0
6.21372 -2.15256 0
6.1731 -2.11696 0
6.15315 -2.08871 0
6.11603 -2.05488 0
6.09014 -2.02508 0
6.05463 -1.99233 0
6.03038 -1.96354 0
5.99649 -1.93186 0
5.96628 -1.90162 0
5.94356 -1.874 0
5.91119 -1.84356 0
5.87868 -1.81333 0
5.80588 -1.77108 0
5.68882 -1.71601 0
5.63664 -1.68112 0
5.60157 -1.65167 0
5.57789 -1.62581 0
5.55218 -1.59956 0
5.53213 -1.57512 0
5.50621 -1.54921 0
5.4744 -1.52186 0
5.45405 -1.49791 0
5.42394 -1.47147 0
5.386 -1.44317 0
5.36727 -1.42024 0
5.33297 -1.3934 0
5.32761 -1.37427 0
5.29116 -1.3473 0
5.27594 -1.32592 0
5.25287 -1.30273 0
5.25496 -1.28588 0
5.27255 -1.27278 0
5.28817 -1.25912 0
5.29596 -1.24355 0
5.28617 -1.22388 0
5.21781 -1.19093 0
5.16296 -1.1615 0
5.09822 -1.13025 0
5.07631 -1.1088 0
5.05433 -1.08751 0
5.04595 -1.06926 0
5.01794 -1.047 0
5.00354 -1.02773 0
4.98712 -1.00817 0
4.96277 -0.987157 0
4.94031 -0.966692 0
4.91973 -0.946755 0
4.89515 -0.926211 0
4.88621 -0.908756 0
4.86541 -0.889208 0
4.85438 -0.871566 0
4.8295 -0.85157 0
4.81045 -0.832762 0
4.78739 -0.81341 0
4.77609 -0.796183 0
4.75289 -0.777099 0
4.72172 -0.7569 0
4.66083 -0.732248 0
4.62158 -0.711329 0
4.59213 -0.692152 0
4.57448 -0.674917 0
4.55083 -0.656942 0
4.53899 -0.640799 0
4.51917 -0.623642 0
4.50722 -0.607683 0
4.48331 -0.590239 0
4.46133 -0.573205 0
4.45515 -0.558303 0
4.43106 -0.541263 0
4.41088 -0.52485 0
4.40058 -0.50972 0
4.38426 -0.493987 0
4.3659 -0.478143 0
4.35742 -0.463476 0
4.33696 -0.447635 0
4.32042 -0.432323 0
4.29985 -0.416734 0
4.28918 -0.40221 0
4.27647 -0.387577 0
4.25973 -0.372678 0
4.23695 -0.357383 0
4.22609 -0.343204 0
4.2072 -0.328475 0
4.21019 -0.31551 0
4.20916 -0.302244 0
4.17217 -0.28652 0
3.70605 -0.242907 0
3.54111 -0.221015 0
3.52381 -0.208912 0
3.52445 -0.197929 0
3.53703 -0.187579 0
3.66943 -0.183134 0
3.95368 -0.184968 0
4.19001 -0.182939 0
4.1386 -0.167774 0
4.11912 -0.154126 0
4.11758 -0.141219 0
4.09601 -0.1277 0
4.08239 -0.114541 0
4.07873 -0.101717 0
4.06303 -0.0886555 0
4.04929 -0.0757302 0
4.03751 -0.0629226 0
4.02369 -0.0501642 0
4.01182 -0.0375113 0
3.99992 -0.0249329 0
3.98598 -0.0124228 0
3.958 2.22345e-07 0
3.94798 0.0123048 0
3.94592 0.0245967 0
3.93383 0.0367825 0
3.9197 0.0488682 0
3.90753 0.0608973 0
3.89332 0.0728136 0
3.89307 0.0849474 0
3.8688 0.096482 0
3.85848 0.108259 0
3.84213 0.119785 0
3.68583 0.126412 0
3.5715 0.133636 0
3.55908 0.144281 0
3.54862 0.154936 0
3.53413 0.165341 0
3.5336 0.176355 0
3.51905 0.186626 0
3.50847 0.197032 0
3.50385 0.207729 0
3.50119 0.218523 0
3.49051 0.22878 0
3.47382 0.238562 0
3.46308 0.248671 0
3.46229 0.259463 0
3.4515 0.269474 0
3.43669 0.279097 0
3.43381 0.289638 0
3.41894 0.299119 0
3.40803 0.30887 0
3.40705 0.31949 0
3.3941 0.32895 0
3.39305 0.339527 0
3.38004 0.348868 0
3.37695 0.359189 0
3.36389 0.368406 0
3.36073 0.378664 0
3.34762 0.387756 0
3.33249 0.396533 0
3.33124 0.406917 0
2.78819 0.349406 0
2.69584 0.34637 0
2.66699 0.351116 0
2.59849 0.35034 0
2.5954 0.358164 0
2.59229 0.365971 0
2.63865 0.380907 0
2.64932 0.39088 0
2.64413 0.398539 0
2.63893 0.40617 0
2.56454 0.402907 0
2.53168 0.405833 0
2.53632 0.41469 0
2.56461 0.427525 0
2.61059 0.443557 0
2.68211 0.464314 0
2.72989 0.481353 0
2.72247 0.488798 0
2.68355 0.490449 0
2.67611 0.497713 0
2.65293 0.501962 0
2.64939 0.509849 0
2.43973 0.477393 0
2.34604 0.466656 0
2.27204 0.459303 0
0 0 0
2.24564 0.468554 0
2.25786 0.478453 0
2.24267 0.482543 0
2.23139 0.487396 0
2.22986 0.494348 0
2.22831 0.501296 0
2.22674 0.508238 0
2.2115 0.512018 0
2.20989 0.518908 0
2.19465 0.52255 0
2.20662 0.532672 0
2.20495 0.539547 0
2.18967 0.543047 0
2.17632 0.546944 0
2.17461 0.553724 0
2.17287 0.560499 0
2.16144 0.56474 0
2.15967 0.571474 0
2.14242 0.574061 0
0 0 0
0 0 0
0 0 0
0 0 0
0 0 0
0 0 0
0 0 0
0 0 0
0 0 0
0 0 0
0 0 0
0 0 0
0 0 0
0 0 0
0 0 0
0 0 0
0 0 0
0 0 0
0 0 0
0 0 0
0 0 0
0 0 0
0 0 0
0 0 0
0 0 0
0 0 0
0 0 0
0 0 0
0 0 0
0 0 0
0 0 0
0 0 0
0 0 0
0 0 0
1.98331 0.771268 0
1.97159 0.773792 0
1.96917 0.779933 0
1.97044 0.787551 0
1.95685 0.7892 0
1.95253 0.794542 0
1.95189 0.801383 0
1.94754 0.806697 0
1.94132 0.81122 0
1.93326 0.814936 0
1.93623 0.823306 0
1.92263 0.824606 0
1.92372 0.832182 0
1.91745 0.836574 0
1.91849 0.844157 0
1.9122 0.84851 0
1.90224 0.851198 0
1.90687 0.860413 0
1.8969 0.863039 0
1.88875 0.866445 0
1.89148 0.874846 0
1.89237 0.882427 0
1.90771 0.896829 0
1.91937 0.909623 0
1.92915 0.921636 0
1.94789 0.938057 0
1.97735 0.959844 0
1.99051 0.973913 0
2.00182 0.987189 0
2.02918 1.00856 0
2.04749 1.02562 0
2.06213 1.04101 0
2.08027 1.05832 0
2.06806 1.06023 0
1.9297 0.996909 0
1.85917 0.967825 0
1.83667 0.963396 0
1.82481 0.964443 0
1.82003 0.969185 0
1.82229 0.97769 0
1.81924 0.983364 0
1.81616 0.989029 0
1.81307 0.994685 0
1.80996 1.00033 0
1.80684 1.00597 0
1.81416 1.01746 0
1.81098 1.02311 0
1.80778 1.02875 0
1.80457 1.03438 0
1.81173 1.046 0
1.81019 1.05265 0
1.81725 1.06435 0
1.8122 1.06899 0
1.8209 1.08178 0
1.81923 1.08848 0
1.82611 1.10034 0
1.85174 1.12366 0
1.85505 1.1336 0
1.87366 1.153 0
1.89555 1.17464 0
1.92243 1.1996 0
1.99658 1.25453 0
2.33575 1.47782 0
2.37162 1.51089 0
2.377 1.52475 0
2.37559 1.53432 0
2.37918 1.54717 0
2.38606 1.56225 0
2.40957 1.58839 0
2.42127 1.60695 0
2.43122 1.62449 0
2.47095 1.6622 0
2.49722 1.6912 0
2.51672 1.71587 0
2.54764 1.74861 0
2.56851 1.77473 0
2.60565 1.81242 0
2.64586 1.85265 0
0 0 0
2.68156 1.90267 0
2.74072 1.95752 0
2.8223 2.02909 0
2.81758 2.03905 0
2.77888 2.02427 0
2.74675 2.014 0
2.7308 2.01543 0
2.72933 2.02751 0
2.7294 2.04079 0
2.747 2.06733 0
2.74054 2.07588 0
2.6609 2.02863 0
2.55301 1.95899 0
2.61179 2.01706 0
2.69392 2.09393 0
2.72834 2.13435 0
2.7201 2.14161 0
2.71498 2.15132 0
2.7067 2.15852 0
2.70152 2.1682 0
2.69475 2.17661 0
2.68174 2.17995 0
2.67184 2.18577 0
2.62178 2.15849 0
2.61812 2.1692 0
2.63593 2.19784 0
2.64285 2.21762 0
2.54119 2.14584 0
2.44609 2.07864 0
2.37576 2.03166 0
2.36032 2.03122 0
2.36759 2.05035 0
2.3642 2.06035 0
2.42243 2.12441 0
2.53276 2.23518 0
2.58111 2.2922 0
2.57396 2.30023 0
2.56529 2.3069 0
2.55364 2.31086 0
2.54642 2.31881 0
2.54508 2.33214 0
2.5378 2.34006 0
2.52903 2.3466 0
2.51878 2.35174 0
2.51435 2.36231 0
2.50843 2.37151 0
2.49958 2.37794 0
2.48782 2.38157 0
2.47463 2.38376 0
2.47867 2.4026 0
2.46115 2.40054 0
2.46365 2.418 0
2.45183 2.42145 0
2.44285 2.42767 0
2.43103 2.43103 0
2.42344 2.4386 0
2.42005 2.45041 0
2.4166 2.46222 0
2.40473 2.46545 0
2.39146 2.46718 0
2.38931 2.48039 0
2.38572 2.49216 0
2.37381 2.49523 0
2.37014 2.50698 0
2.35821 2.50998 0
2.35583 2.52317 0
2.34388 2.5261 0
2.33464 2.53192 0
2.32808 2.54066 0
2.31881 2.54642 0
2.31489 2.55809 0
2.30289 2.56083 0
2.2989 2.57247 0
2.28688 2.57513 0
2.28149 2.58525 0
2.2787 2.59836 0
2.27059 2.60545 0
2.26246 2.61251 0
2.25431 2.61955 0
2.24613 2.62656 0
2.23793 2.63355 0
2.22971 2.64051 0
2.22147 2.64745 0
2.21321 2.65436 0
2.20493 2.66125 0
2.19154 2.66193 0
2.18197 2.6672 0
2.18121 2.6833 0
2.16781 2.68386 0
2.16444 2.69684 0
2.15603 2.70357 0
2.15132 2.71498 0
2.13913 2.71696 0
2.13928 2.73464 0
2.12584 2.73498 0
2.12219 2.74792 0
2.11605 2.7577 0
2.10502 2.7611 0
2.09882 2.77083 0
2.09018 2.77736 0
2.08151 2.78386 0
2.07283 2.79034 0
2.06887 2.80322 0
2.06249 2.81288 0
2.05253 2.81768 0
2.04491 2.82568 0
2.04077 2.83854 0
2.02726 2.83837 0
2.01841 2.84468 0
2.01414 2.85749 0
2.00522 2.86376 0
1.99971 2.87492 0
1.99416 2.88607 0
1.98515 2.89227 0
1.97951 2.9034 0
1.96933 2.9079 0
1.96249 2.91735 0
1.95338 2.92345 0
1.94316 2.92785 0
1.93402 2.9339 0
1.92487 2.93991 0
1.9157 2.9459 0
1.90651 2.95185 0
1.90378 2.96788 0
1.89559 2.97549 0
1.88631 2.98138 0
1.87701 2.98724 0
1.8751 3.00496 0
1.86467 3.00909 0
1.85529 3.01488 0
1.84588 3.02065 0
1.83749 3.0281 0
1.82805 3.03381 0
1.81756 3.03778 0
1.81523 3.05546 0
1.81078 3.06972 0
1.79615 3.06672 0
1.79262 3.08267 0
1.783 3.08825 0
1.77337 3.09379 0
1.76372 3.0993 0
1.75897 3.11349 0
1.74925 3.11896 0
1.73952 3.12439 0
1.73655 3.14205 0
1.72675 3.14745 0
1.71693 3.15282 0
1.7071 3.15815 0
1.70386 3.17579 0
1.69396 3.18109 0
1.68404 3.18635 0
1.67503 3.19336 0
1.67061 3.20921 0
1.6606 3.2144 0
1.65148 3.22134 0
1.64506 3.2336 0
1.63498 3.23871 0
1.63114 3.25631 0
1.62099 3.26137 0
1.61082 3.26641 0
1.59975 3.26962 0
1.59042 3.27639 0
1.58541 3.29214 0
1.57514 3.29707 0
1.56486 3.30196 0
1.56052 3.31949 0
1.55016 3.32434 0
1.54483 3.34004 0
1.53442 3.34484 0
1.52481 3.35143 0
1.51436 3.35616 0
1.50798 3.37 0
1.49747 3.37468 0
1.48694 3.37933 0
1.4764 3.38395 0
1.47141 3.40138 0
1.4608 3.40595 0
1.45018 3.41049 0
1.44498 3.42789 0
1.43429 3.43238 0
1.42817 3.44792 0
1.42198 3.46345 0
1.41193 3.46972 0
1.40111 3.47411 0
1.39028 3.47846 0
1.38458 3.49579 0
1.37368 3.50009 0
1.36277 3.50435 0
1.35184 3.50858 0
1.34518 3.52399 0
1.33843 3.53939 0
1.3295 3.54916 0
1.32052 3.55891 0
1.31011 3.56489 0
1.30241 3.57835 0
1.29193 3.58427 0
1.28143 3.59017 0
1.27423 3.60546 0
1.26299 3.60941 0
1.25435 3.62089 0
1.24371 3.62667 0
1.23626 3.64189 0
1.2249 3.64573 0
1.21795 3.66281 0
1.20653 3.66659 0
1.19881 3.68174 0
1.18794 3.68737 0
1.18009 3.70248 0
1.16854 3.70614 0
1.15758 3.71168 0
1.14896 3.72482 0
1.14026 3.73795 0
1.12918 3.7434 0
1.11751 3.7469 0
1.10978 3.7638 0
1.10197 3.78068 0
1.08907 3.78025 0
1.07893 3.7894 0
1.06982 3.80237 0
1.06064 3.81532 0
1.04981 3.82246 0
1.04051 3.83537 0
1.03165 3.85018 0
1.02016 3.85531 0
1.01067 3.86815 0
0.998606 3.87128 0
0.990977 3.89181 0
0.980793 3.90264 0
0.968625 3.90568 0
0.959775 3.92228 0
0.950831 3.93886 0
0.938088 3.93986 0
0.928547 3.95445 0
0.91712 3.96122 0
0.906995 3.97381 0
0.897239 3.98832 0
0.884805 3.9911 0
0.875349 4.00751 0
0.862855 4.01022 0
0.853254 4.02659 0
0.842743 4.03902 0
0.83337 4.0573 0
0.820325 4.05791 0
0.810405 4.07418 0
0.797703 4.07669 0
0.789529 4.10272 0
0.77711 4.10713 0
0.764306 4.10953 0
0.755809 4.1355 0
0.742916 4.13784 0
0.732448 4.15392 0
0.71711 4.14239 0
0.660309 3.8863 0
0.638657 3.83113 0
0.627681 3.83903 0
0 0 0
0.600946 3.82508 0
0 0 0
0.580072 3.84853 0
0.57041 3.86615 0
0.560358 3.88176 0
0.546021 3.86765 0
0.532324 3.85744 0
0.514152 3.8135 0
0.499915 3.79723 0
0.493175 3.83845 0
0.48121 3.83997 0
0.467785 3.82954 0
0.454193 3.81707 0
0.438152 3.78271 0
0.423001 3.75424 0
0.405855 3.70584 0
0.393457 3.69913 0
0.381721 3.69835 0
0.3686 3.6836 0
0.357118 3.68474 0
0.336295 3.58627 0
0.321506 3.54746 0
0.312017 3.56638 0
0.300228 3.55936 0
0.289295 3.56227 0
0.285197 3.65288 0
0.273213 3.64578 0
0.262852 3.66058 0
0.251716 3.66537 0
0.241206 3.6801 0
0.230234 3.68882 0
0.220156 3.71348 0
0.209815 3.73611 0
0.199229 3.75672 0
0.188218 3.77131 0
0.176743 3.77787 0
0.16427 3.76242 0
0.152867 3.7709 0
0.140964 3.76736 0
0.130662 3.80976 0
0.121031 3.88211 0
0.133275 4.75013 0
0.119118 4.77652 0
0.104536 4.79086 0
0.0897915 4.80116 0
0.0750145 4.81342 0
0.0602119 4.82963 0
0.0452715 4.84179 0
0.0303182 4.86391 0
0.0151652 4.86598 0
-4.26751e-07 4.558 0
-0.0140752 4.51598 0
-0.0286112 4.58991 0
-0.0458708 4.90579 0
-0.0617835 4.95562 0
-0.077384 4.9654 0
-0.0933452 4.99113 0
-0.109249 5.00681 0
-0.125153 5.01844 0
-0.141522 5.04401 0
-0.157429 5.04955 0
-0.173577 5.06102 0
-0.190023 5.07845 0
-0.20674 5.09981 0
-0.223332 5.11513 0
-0.239927 5.12839 0
-0.256607 5.1416 0
-0.274007 5.16674 0
-0.290782 5.17784 0
-0.30822 5.19887 0
-0.325792 5.21984 0
-0.343105 5.23477 0
-0.361063 5.25762 0
-0.37845 5.27043 0
-0.396668 5.29316 0
-0.414408 5.30785 0
-0.432892 5.33045 0
-0.450679 5.34303 0
-0.468375 5.35355 0
-0.487586 5.37995 0
-0.506405 5.40031 0
-0.525934 5.42657 0
-0.54384 5.43486 0
-0.563445 5.459 0
-0.581937 5.47114 0
-0.601817 5.49514 0
-0 0 0
-0 0 0
-0 0 0
-0 0 0
-0 0 0
-0 0 0
-0 0 0
-0 0 0
-0 0 0
-0 0 0
-0 0 0
-0 0 0
-0 0 0
-0 0 0
-0 0 0
-0 0 0
-0 0 0
-0 0 0
-0 0 0
-0 0 0
-0 0 0
-0 0 0
-1.09452 5.9888 0
-1.1194 6.01879 0
-1.1415 6.03296 0
-1.16785 6.06865 0
-1.19137 6.08853 0
-1.21814 6.12402 0
-1.24119 6.1398 0
-1.26555 6.16137 0
-1.28965 6.18089 0
-1.3172 6.21597 0
-1.34372 6.24508 0
-1.36531 6.25063 0
-1.39474 6.29125 0
-1.42048 6.31419 0
-1.43437 6.28439 0
-1.45079 6.26625 0
-1.4726 6.27143 0
-1.52318 6.39716 0
-1.55578 6.44488 0
-1.57824 6.44971 0
-1.59207 6.41953 0
-1.62426 6.46303 0
-1.67154 6.56453 0
-0 0 0
-0 0 0
-0 0 0
-0 0 0
-0 0 0
-0 0 0
-0 0 0
-1.90455 6.76917 0
-0 0 0
-1.44896 5.02944 0
-1.42769 4.89817 0
-1.44125 4.88795 0
-0 0 0
-1.96726 6.52175 0
-1.99166 6.52898 0
-2.01554 6.53421 0
-2.04006 6.54126 0
-2.06344 6.54441 0
-0 0 0
-0 0 0
-0 0 0
-0 0 0
-0 0 0
-0 0 0
-0 0 0
-0 0 0
-2.61476 7.54793 0
-2.63431 7.52841 0
-2.19458 6.20961 0
-2.21191 6.19709 0
-2.22646 6.17699 0
-2.24844 6.17754 0
-0 0 0
-0 0 0
-0 0 0
-0 0 0
-2.343 6.13802 0
-2.35925 6.12322 0
-2.38702 6.1382 0
-2.40979 6.14004 0
-5.6547 14.2769 0
-10.9144 27.3076 0
-0 0 0
-3.84079 9.43846 0
-2.48922 6.06289 0
-2.52418 6.09391 0
-0 0 0
-3.36385 7.97998 0
-0 0 0
-0 0 0
-0 0 0
-0 0 0
-0 0 0
-2.68424 6.0492 0
-0 0 0
-1.18204 2.61967 0
-2.73572 6.01291 0
-0 0 0
-10.7609 23.2659 0
-2.71575 5.82393 0
-2.67943 5.6996 0
-2.70146 5.70026 0
-2.71835 5.69001 0
-2.7326 5.6743 0
-2.75551 5.67655 0
-2.8022 5.72722 0
-2.81826 5.71487 0
-2.86633 5.76696 0
-2.90131 5.79197 0
-2.93106 5.80611 0
-2.97907 5.85577 0
-3.0265 5.90341 0
-3.08711 5.97569 0
-3.15282 6.05651 0
-3.81178 7.26697 0
-3.84188 7.2692 0
-3.85982 7.24836 0
-3.88617 7.24335 0
-3.90493 7.22416 0
-3.92264 7.20317 0
-3.9393 7.18039 0
-3.96166 7.16808 0
-3.97717 7.14347 0
-3.99648 7.1258 0
-2.73387 4.83914 0
-2.74301 4.82017 0
-2.761 4.8168 0
-2.781 4.81683 0
-2.79399 4.80468 0
-2.81198 4.80113 0
-2.82185 4.78373 0
-2.74992 4.62876 0
-2.74482 4.58756 0
-2.7591 4.57898 0
-2.7744 4.57207 0
-2.79176 4.56852 0
-2.84897 4.62963 0
-2.92554 4.72103 0
-3.12446 5.00713 0
-3.16134 5.03124 0
-3.16203 4.9977 0
-2.95945 4.6454 0
-2.95555 4.60754 0
-2.9699 4.5983 0
-2.98204 4.58567 0
-2.99412 4.57301 0
-4.42173 6.70772 0
-4.43487 6.68224 0
-4.44901 6.65841 0
-3.20495 4.76433 0
-3.1267 4.61687 0
-3.13206 4.59389 0
-3.14749 4.58575 0
-3.16746 4.58415 0
-3.28794 4.72695 0
-0 0 0
-0 0 0
-0 0 0
-0 0 0
-0 0 0
-0 0 0
-0 0 0
-0 0 0
-0 0 0
-0 0 0
-0 0 0
-0 0 0
-0 0 0
-0 0 0
-0 0 0
-0 0 0
-0 0 0
-0 0 0
-0 0 0
-0 0 0
-0 0 0
-0 0 0
-0 0 0
-0 0 0
-0 0 0
-0 0 0
-0 0 0
-0 0 0
-0 0 0
-0 0 0
-0 0 0
-0 0 0
-0 0 0
-0 0 0
-0 0 0
-0 0 0
-0 0 0
-0 0 0
-0 0 0
-0 0 0
-0 0 0
-0 0 0
-0 0 0
-0 0 0
-0 0 0
-0 0 0
-0 0 0
-0 0 0
-0 0 0
-0 0 0
-0 0 0
-0 0 0
-0 0 0
-0 0 0
-0 0 0
-0 0 0
