3.69955 1.05937 0
3.70269 1.07301 0
3.69993 1.08535 0
3.69714 1.09768 0
3.6943 1.11001 0
3.69143 1.12232 0
3.70214 1.13788 0
3.69918 1.15022 0
3.69618 1.16255 0
3.69314 1.17487 0
3.69006 1.18718 0
3.69276 1.20097 0
3.69735 1.21528 0
3.69996 1.22912 0
3.69671 1.24146 0
3.69343 1.25378 0
3.69011 1.26609 0
3.69253 1.27999 0
3.69298 1.29337 0
3.69339 1.30676 0
3.69567 1.32072 0
3.68638 1.33138 0
3.69241 1.34647 0
3.70031 1.36217 0
3.68899 1.37222 0
3.69296 1.38683 0
3.69305 1.40031 0
3.68736 1.41203 0
3.69691 1.42849 0
3.68923 1.43961 0
3.69866 1.45617 0
3.69471 1.46849 0
3.69072 1.48081 0
3.68669 1.49311 0
3.68642 1.50667 0
3.69179 1.52214 0
3.70089 1.53895 0
3.69668 1.55129 0
3.69054 1.56296 0
3.69758 1.57922 0
3.69513 1.59221 0
3.68887 1.60386 0
3.69763 1.6209 0
3.69316 1.63323 0
3.68866 1.64554 0
3.69724 1.66271 0
3.69264 1.67503 0
3.69549 1.69017 0
3.69642 1.70463 0
3.69915 1.71983 0
3.69438 1.73215 0
3.69515 1.74666 0
3.69401 1.76045 0
3.68911 1.77276 0
3.68974 1.78731 0
3.69772 1.80488 0
3.70563 1.82253 0
3.70054 1.83487 0
3.6954 1.84721 0
3.69761 1.86263 0
3.69791 1.8773 0
3.69816 1.89199 0
3.69835 1.9067 0
3.70033 1.92223 0
3.70041 1.93698 0
3.69496 1.94931 0
3.69495 1.96407 0
3.68942 1.97639 0
3.69476 1.99366 0
3.69095 2.0068 0
3.69618 2.02414 0
3.69227 2.03731 0
3.71003 2.06068 0
3.7042 2.07304 0
3.69832 2.08538 0
3.69241 2.09771 0
3.70265 2.11787 0
3.69663 2.13021 0
3.69596 2.14519 0
3.69882 2.16195 0
3.69088 2.17338 0
3.6954 2.19109 0
3.69629 2.20704 0
3.48356 2.11349 0
3.39405 2.08199 0
3.39702 2.09798 0
3.38398 2.10565 0
3.38154 2.11887 0
3.37906 2.13208 0
3.39238 2.15382 0
3.39857 2.17185 0
3.3801 2.17654 0
3.34936 2.1744 0
3.31166 2.16822 0
3.262 2.22764 0
3.17785 2.19335 0
3.09913 2.16159 0
3.01719 2.12733 0
2.97848 2.11812 0
2.96389 2.12306 0
2.96129 2.13516 0
2.97916 2.15972 0
3.00373 2.18858 0
3.00942 2.20607 0
3.01333 2.22257 0
3.01718 2.23912 0
3.01925 2.25464 0
3.01282 2.26485 0
3.01815 2.28256 0
3.02678 2.30248 0
3.02019 2.31271 0
3.02531 2.33055 0
3.03537 2.35174 0
3.03364 2.3653 0
3.02519 2.37444 0
3.01838 2.38467 0
3.00158 2.38817 0
3.00797 2.4073 0
3.04897 2.45015 0
3.68167 2.89966 0
3.69461 2.92671 0
3.69756 2.94701 0
3.69388 2.96277 0
3.69667 2.98315 0
3.69612 3.00125 0
3.69386 3.01821 0
3.6964 3.03869 0
3.69238 3.05452 0
3.70123 3.07978 0
3.70028 3.09802 0
3.69604 3.11391 0
3.69334 3.131 0
3.70659 3.16007 0
3.69573 3.17121 0
3.69759 3.19198 0
3.68823 3.20429 0
3.46464 3.05219 0
3.4209 3.03688 0
3.43254 3.0643 0
3.66142 3.2619 0
3.69269 3.30627 0
3.70179 3.33348 0
3.70293 3.35454 0
3.70241 3.37438 0
3.69248 3.38672 0
3.69338 3.40785 0
3.70192 3.43535 0
3.7026 3.45658 0
3.7032 3.47784 0
3.69601 3.49274 0
3.70257 3.51919 0
3.69677 3.53539 0
3.7031 3.56195 0
3.7017 3.58209 0
3.70022 3.60224 0
3.69411 3.61849 0
3.70302 3.64788 0
3.69975 3.66681 0
3.70241 3.69104 0
3.69598 3.70736 0
3.69843 3.73166 0
3.69482 3.75067 0
3.69706 3.77505 0
3.70067 3.80083 0
3.69383 3.81721 0
3.70016 3.84578 0
3.69609 3.8649 0
3.69779 3.8895 0
3.70082 3.91551 0
3.69211 3.93058 0
3.68914 3.95115 0
3.6921 4.04896 0
3.69434 4.07527 0
3.70073 4.10584 0
3.69703 4.12662 0
3.70455 4.15873 0
3.69922 4.17816 0
3.70365 4.20756 0
3.70933 4.23845 0
3.70648 4.26082 0
3.70353 4.28321 0
3.70048 4.30562 0
3.70424 4.33528 0
3.70372 4.36066 0
3.70445 4.38752 0
3.70095 4.41006 0
3.69871 4.43408 0
3.70179 4.46399 0
3.70473 4.49396 0
3.70212 4.51809 0
3.70479 4.54816 0
3.70059 4.57087 0
3.68827 4.58468 0
3.70047 4.71024 0
3.69689 4.73463 0
3.6945 4.76054 0
3.6972 4.79255 0
3.69715 4.82158 0
3.69825 4.85218 0
3.69919 4.88283 0
3.69613 4.90893 0
3.69806 4.94121 0
3.69218 4.9643 0
3.69255 4.99512 0
3.69656 5.03063 0
3.68777 5.0507 0
3.69775 5.0941 0
3.69372 5.12044 0
3.6958 5.15463 0
3.69026 5.17947 0
3.69202 5.21376 0
3.69854 5.25441 0
3.6987 5.28725 0
3.68281 5.29956 0
3.6474 5.28643 0
3.63515 5.30335 0
3.67958 5.39518 0
3.69942 5.45538 0
3.70096 5.49172 0
3.6904 5.51206 0
3.65718 5.50182 0
3.67491 5.56077 0
3.6876 5.61343 0
3.69531 5.65973 0
2.70007 4.3111 0
2.6756 4.30402 0
2.69865 4.36372 0
2.7225 4.42523 0
3.61769 5.73215 0
3.60155 5.74585 0
3.62061 5.81051 0
3.59516 5.81103 0
3.58552 5.83459 0
3.45542 5.71737 0
3.45741 5.79541 0
3.46305 5.84204 0
3.44543 5.85361 0
3.42777 5.86513 0
3.41767 5.88835 0
3.40747 5.91157 0
3.39285 5.92803 0
3.38993 5.96305 0
3.38896 6.00149 0
3.38354 6.03319 0
3.37586 6.06152 0
3.36804 6.08985 0
3.37258 6.13868 0
3.40176 6.22862 0
3.67823 6.77654 0
3.68323 6.83177 0
3.67065 6.8578 0
3.11527 5.95702 0
3.09026 5.9554 0
3.13227 6.06974 0
3.68969 7.08501 0
3.69292 7.14074 0
3.69289 7.19134 0
3.6965 7.24898 0
3.69491 7.29797 0
3.695 7.35052 0
3.69384 7.40139 0
3.69718 7.4611 0
3.69448 7.51034 0
3.68016 7.53849 0
2.75765 6.08019 0
2.70937 6.03073 0
2.67945 6.01675 0
2.63622 5.9758 0
2.5897 5.92748 0
2.55391 5.94513 0
2.577 6.08509 0
2.51888 6.25162 0
2.51737 6.29848 0
2.427 6.19883 0
2.38557 6.15598 0
2.38308 6.20081 0
2.40275 6.34933 0
2.367 6.31899 0
2.89572 7.68067 0
2.86775 7.67939 0
2.84134 7.68171 0
2.81268 7.67838 0
2.79235 7.69533 0
2.76223 7.68811 0
2.73663 7.69192 0
2.70957 7.69192 0
1.70226 5.19324 0
1.68667 5.19933 0
1.67034 5.2035 0
1.65044 5.19828 0
1.61504 5.15182 0
1.53472 5.03027 0
1.51481 5.0227 0
1.5018 5.03384 0
1.49485 5.06189 0
1.57538 5.43865 0
1.58259 5.51238 0
1.57443 5.54269 0
1.55775 5.54837 0
1.46656 5.33219 0
1.38888 5.20415 0
1.3714 5.20356 0
1.35701 5.21242 0
2.1294 7.69094 0
2.10242 7.6869 0
2.08025 7.69804 0
2.05096 7.68618 0
2.05268 7.77561 0
1.28021 5.29921 0
1.26258 5.29823 0
1.25175 5.32022 0
1.23353 5.31722 0
1.90382 7.705 0
1.87657 7.69824 0
1.85046 7.69524 0
1.826 7.69792 0
1.80261 7.70438 0
1.77605 7.69919 0
1.74334 7.67072 0
1.72463 7.69433 0
1.70175 7.70241 0
1.67384 7.69105 0
1.65146 7.70092 0
1.6261 7.69907 0
1.6003 7.69521 0
1.57929 7.71068 0
1.55022 7.69304 0
1.52684 7.69864 0
1.5007 7.69249 0
1.47913 7.70573 0
1.4526 7.69746 0
1.42701 7.693 0
1.40406 7.70018 0
1.37981 7.70142 0
1.3564 7.70649 0
1.33008 7.69779 0
1.30669 7.70271 0
1.28529 7.71734 0
1.25787 7.70252 0
1.23407 7.70525 0
1.21027 7.7079 0
1.18647 7.71048 0
1.16155 7.70709 0
1.13776 7.70951 0
1.11362 7.70989 0
1.08842 7.70429 0
1.06501 7.70846 0
1.04329 7.7224 0
1.01614 7.70473 0
0.994365 7.71853 0
0.969295 7.71253 0
0.945226 7.71238 0
0.920548 7.70819 0
0.897122 7.71183 0
0.872795 7.70946 0
0.849366 7.71295 0
0.825927 7.71637 0
0.801082 7.70981 0
0.777653 7.71308 0
0.752879 7.70637 0
0.729461 7.70948 0
0.706035 7.71253 0
0.682598 7.7155 0
0.659151 7.7184 0
0.634516 7.71129 0
0.611083 7.71404 0
0.586972 7.71075 0
0.563541 7.71335 0
0.540103 7.71588 0
0.516655 7.71833 0
0.493203 7.72071 0
0.469742 7.72302 0
0.446273 7.72526 0
0.422798 7.72742 0
0.399316 7.72951 0
0.375828 7.73152 0
0.351687 7.72549 0
0.328522 7.73135 0
0.304731 7.72915 0
0.281245 7.73087 0
0.258026 7.73651 0
0.234516 7.73808 0
0.210754 7.73559 0
0.186539 7.72504 0
0.163514 7.73438 0
0.140223 7.73966 0
0.116206 7.73088 0
0.092996 7.738 0
0.0688737 7.72508 0
0.0454009 7.72606 0
0.0219253 7.72697 0
-0.00155321 7.72781 0
-0.0250956 7.72658 0
-0.0486847 7.72327 0
-0.0721518 7.72389 0
-0.0957505 7.71844 0
-0.119201 7.71891 0
-0.213166 5.162 0
-0.229077 5.09212 0
-0.244139 5.16019 0
-0.259629 5.26421 0
-0.292821 5.5141 0
-0.308662 5.43597 0
-0.324973 5.43379 0
-0.360605 5.59125 0
-0.386595 6.00881 0
-0.402061 5.90242 0
-0.420471 5.92393 0
-0.423687 5.45563 0
-0.449802 5.27663 0
-0.464667 5.25203 0
-0.481479 5.27534 0
-0.492909 5.18073 0
-0.509248 5.19595 0
-0.525474 5.20713 0
-0.540646 5.19829 0
-0.556003 5.1934 0
-0.571208 5.18646 0
-0.603418 5.20038 0
-0.617728 5.18133 0
-0.632969 5.17619 0
-0.65021 5.19694 0
-0.666772 5.20765 0
-0.681386 5.1944 0
-0.699237 5.21896 0
-0.714895 5.21757 0
-0.849354 6.27763 0
-0.8719 6.31158 0
-0.893635 6.33551 0
-0.874137 5.64763 0
-0.886753 5.60794 0
-0.905279 5.61986 0
-0.929954 5.68134 0
-0.959406 5.15097 0
-0.97056 5.11907 0
-0.982692 5.09507 0
-1.39533 7.72699 0
-1.4182 7.71945 0
-1.44413 7.73161 0
-1.47205 7.75553 0
-1.49755 7.76355 0
-1.52179 7.7636 0
-1.54705 7.76949 0
-1.57202 7.77332 0
-1.5939 7.75934 0
-1.61995 7.76892 0
-1.64535 7.77448 0
-1.6686 7.76816 0
-1.6922 7.76373 0
-1.71692 7.76512 0
-1.74243 7.77035 0
-1.76642 7.76765 0
-1.79042 7.76488 0
-1.814 7.76007 0
-1.83839 7.7591 0
-1.86445 7.76588 0
-1.88973 7.76866 0
-1.91332 7.76354 0
-1.93994 7.77201 0
-1.98536 7.75359 0
-1.79916 6.74972 0
-1.81958 6.74489 0
-1.83624 6.72444 0
-1.86324 6.74669 0
-1.96404 6.97513 0
-2.18415 7.75084 0
-2.21069 7.75642 0
-2.23577 7.75611 0
-1.85035 6.20513 0
-1.84629 6.11514 0
-1.85321 6.0677 0
-1.86197 6.02799 0
-1.8555 5.93433 0
-1.85441 5.86195 0
-1.86878 5.84541 0
-1.87918 5.81538 0
-1.89334 5.79878 0
-1.90457 5.77256 0
-1.91737 5.75207 0
-1.93295 5.74113 0
-1.9479 5.72824 0
-1.96514 5.72295 0
-1.98534 5.72715 0
-2.00558 5.73128 0
-2.03985 5.77916 0
-2.06645 5.80214 0
-2.09321 5.825 0
-2.11637 5.83635 0
-2.12637 5.80777 0
-2.13494 5.77538 0
-2.14911 5.76003 0
-2.17034 5.76547 0
-2.18573 5.75381 0
-2.19446 5.72324 0
-2.21901 5.73792 0
-2.25982 5.79771 0
-2.26235 5.75006 0
-2.28719 5.76446 0
-2.30247 5.75248 0
-2.32465 5.75921 0
-2.349 5.77147 0
-2.3876 5.82105 0
-2.40442 5.81252 0
-2.42623 5.817 0
-2.4452 5.81395 0
-2.45612 5.79035 0
-2.45882 5.74629 0
-2.47611 5.73941 0
-2.49638 5.73989 0
-3.29833 7.59438 0
-3.32674 7.59781 0
-3.34903 7.58636 0
-3.37361 7.58038 0
-2.67183 5.72262 0
-2.68261 5.70043 0
-2.69651 5.68554 0
-2.73731 5.73085 0
-2.79158 5.80513 0
-2.85628 5.90097 0
-2.87822 5.90194 0
-2.91531 5.93549 0
-2.94418 5.95075 0
-2.8387 5.67992 0
-2.86264 5.68631 0
-2.88147 5.68178 0
-3.44105 6.79973 0
-3.39523 6.65304 0
-3.40128 6.61449 0
-3.431 6.6244 0
-3.50534 6.72373 0
-3.54091 6.74397 0
-3.56581 6.74264 0
-3.60435 6.76795 0
-3.62391 6.75571 0
-3.65444 6.76474 0
-3.68229 6.76832 0
-3.69719 6.74699 0
-3.53065 6.38262 0
-3.47458 6.18588 0
-3.48468 6.16 0
-3.50326 6.14991 0
-3.52084 6.13802 0
-3.54032 6.12957 0
-3.56464 6.1298 0
-3.58214 6.11773 0
-3.29752 5.57105 0
-3.27129 5.4479 0
-3.30365 5.4662 0
-3.21615 5.24177 0
-3.21865 5.21013 0
-3.21997 5.17682 0
-3.217 5.13667 0
-3.21793 5.10345 0
-3.2135 5.06172 0
-3.21614 5.03201 0
-3.22281 5.00914 0
-3.21779 4.96758 0
-3.21994 4.93798 0
-3.21875 4.90333 0
-3.22164 4.87549 0
-3.22655 4.85106 0
-3.22809 4.82158 0
-3.22296 4.78207 0
-3.22416 4.75269 0
-3.22739 4.7267 0
-3.23269 4.70407 0
-3.24342 4.68978 0
-3.26075 4.68544 0
-3.28255 4.68768 0
-3.30215 4.68651 0
-3.32402 4.68857 0
-3.34141 4.68395 0
-3.36107 4.68254 0
-3.38076 4.68106 0
-3.40735 4.68933 0
-3.4248 4.6844 0
-3.44572 4.6843 0
-3.46668 4.68411 0
-3.49233 4.69033 0
-3.50633 4.68023 0
-3.52854 4.6814 0
-3.55315 4.6857 0
-3.57189 4.68185 0
-3.59421 4.68274 0
-3.61657 4.68354 0
-3.63776 4.68264 0
-3.66622 4.69122 0
-3.68507 4.68694 0
-3.71124 4.6921 0
-3.73257 4.69082 0
-3.75025 4.68471 0
-3.77779 4.69113 0
-3.80293 4.69428 0
-3.82066 4.68792 0
-3.83964 4.68305 0
-4.30997 5.20825 0
-4.25114 5.10405 0
-4.25376 5.0761 0
-4.27531 5.07135 0
-4.31218 5.08499 0
-4.33381 5.08001 0
-4.35545 5.07495 0
-4.3629 5.05299 0
-4.36248 5.02189 0
-4.3697 4.99995 0
-4.39249 4.99621 0
-4.39303 4.96668 0
-6.60651 7.47602 0
-6.61995 7.44568 0
-6.62001 7.40033 0
-6.60127 7.33412 0
-6.60616 7.29493 0
-6.61355 7.25876 0
-6.61138 7.21223 0
-6.61302 7.17022 0
-6.61176 7.12532 0
-6.61434 7.0849 0
-6.60858 7.03574 0
-6.61212 6.99692 0
-6.61412 6.95668 0
-6.61867 6.9194 0
-6.61754 6.87637 0
-6.62036 6.83774 0
-6.62022 6.79628 0
-6.61709 6.75201 0
-6.61655 6.71068 0
-6.61301 6.66658 0
-6.61769 6.63109 0
-6.61376 6.58713 0
-6.60395 6.5376 0
-6.61092 6.5051 0
-6.60778 6.46279 0
-6.6073 6.42337 0
-6.59805 6.37563 0
-6.6101 6.34888 0
-6.60044 6.30131 0
-6.60788 6.27045 0
-6.6094 6.2341 0
-6.61802 6.20466 0
-6.61777 6.16701 0
-6.61881 6.13078 0
-6.61676 6.09189 0
-6.61893 6.05714 0
-6.61653 6.01837 0
-6.61394 5.97968 0
-6.61414 5.94374 0
-6.61121 5.90519 0
-6.60959 5.86804 0
-6.61827 5.84025 0
-6.61484 5.80188 0
-6.61123 5.76359 0
-6.61499 5.73194 0
-6.61407 5.69639 0
-3.32154 2.82908 0
-3.30085 2.79483 0
-3.27693 2.75814 0
-3.26657 2.73324 0
-3.29286 2.73928 0
-3.30077 2.72981 0
-3.33022 2.73818 0
-3.31961 2.71334 0
-3.32435 2.70126 0
-3.30266 2.66773 0
-3.30102 2.65069 0
-3.29774 2.63244 0
-3.31627 2.63168 0
-3.30347 2.606 0
-3.29054 2.58042 0
-3.28694 2.56233 0
-3.28325 2.54429 0
-3.27789 2.52508 0
-3.31212 2.53635 0
-3.32418 2.53046 0
-3.33941 2.52693 0
-3.34507 2.51612 0
-3.33948 2.49691 0
-3.34022 2.48253 0
-3.3409 2.46816 0
-3.34958 2.45973 0
-3.36309 2.4548 0
-3.3604 2.43808 0
-3.36576 2.42723 0
-3.36294 2.41057 0
-3.35841 2.39278 0
-3.35544 2.3762 0
-3.36222 2.36654 0
-3.36569 2.35457 0
-3.36583 2.34033 0
-3.39229 2.34422 0
-3.39567 2.33219 0
-3.3957 2.31792 0
-3.40562 2.31036 0
-3.35566 2.26278 0
-3.35376 2.24759 0
-3.36181 2.23903 0
-3.34307 2.21292 0
-3.36108 2.21093 0
-3.35559 2.19366 0
-3.37191 2.19047 0
-3.37305 2.17754 0
-3.36232 2.15713 0
-3.29898 2.10383 0
-3.26759 2.07106 0
-3.25472 2.05009 0
-3.25708 2.03865 0
-3.26964 2.03347 0
-3.28049 2.02719 0
-3.30675 2.03014 0
-3.29701 2.0114 0
-3.32501 2.0152 0
-3.34273 2.01274 0
-3.3363 1.99605 0
-3.36611 2.00052 0
-3.38385 1.99783 0
-3.4016 1.99504 0
-3.4298 1.99809 0
-6.60714 2.79964 0
-6.60226 2.77456 0
-6.61027 2.75478 0
-6.60522 2.72978 0
-6.6131 2.70999 0
-6.60787 2.68506 0
-6.61747 2.66599 0
-6.60835 2.63969 0
-6.61033 2.61775 0
-6.61972 2.59865 0
-6.61959 2.55339 0
-6.61752 2.53011 0
-6.62101 2.50891 0
-6.60562 2.48094 0
-6.62213 2.4645 0
-6.61597 2.44 0
-6.60784 2.41489 0
-6.61662 2.39575 0
-6.61967 2.37463 0
-6.61696 2.35158 0
-6.62365 2.33175 0
-6.6208 2.30875 0
-6.61406 2.28454 0
-6.60533 2.25977 0
-6.61364 2.24059 0
-6.61617 2.21957 0
-6.60719 2.19493 0
-6.61722 2.17633 0
-6.62336 2.1565 0
-6.60841 2.13024 0
-6.61824 2.1116 0
-6.62802 2.09291 0
-6.62431 2.07022 0
-6.61861 2.04702 0
-6.62627 2.02774 0
-6.63195 2.00789 0
-6.62025 1.98315 0
-6.63928 1.96706 0
-6.63513 1.94452 0
-6.6367 1.92359 0
-6.62853 1.90009 0
-6.62995 1.8792 0
-6.62937 1.85782 0
-6.62096 1.83446 0
-6.61829 1.81266 0
-6.63494 1.79575 0
-6.62632 1.7725 0
-6.62926 1.75218 0
-6.62242 1.7295 0
-6.62912 1.71012 0
-6.63187 1.68981 0
-6.62481 1.66723 0
-6.63522 1.64872 0
-6.63386 1.62752 0
-6.62463 1.60462 0
-6.629 1.58477 0
-6.61961 1.56197 0
-6.61015 1.53924 0
-6.61431 1.51944 0
-6.63212 1.50244 0
-6.61657 1.47861 0
-6.62838 1.46035 0
-6.62445 1.43896 0
-6.63419 1.42024 0
-6.63012 1.39888 0
-6.62598 1.37756 0
-6.60996 1.35412 0
-6.62732 1.33679 0
-6.62888 1.31659 0
-6.6422 1.29844 0
-6.63576 1.27686 0
-6.62856 1.23484 0
-6.64362 1.21688 0
-6.63604 1.17493 0
-5.30053 0.937406 0
-5.20582 0.907699 0
-5.2199 0.893954 0
-5.22206 0.878489 0
-5.21426 0.861683 0
-5.22824 0.832056 0
-5.30363 0.825757 0
-5.383 0.81948 0
-6.64207 0.952939 0
-6.64441 0.933042 0
-6.64094 0.892355 0
-6.64308 0.872462 0
-6.6392 0.851947 0
-6.64122 0.832059 0
-6.64118 0.811972 0
-6.64308 0.792078 0
-6.63495 0.771277 0
-6.63472 0.751228 0
-6.64206 0.711799 0
-6.63918 0.671554 0
-6.64662 0.652096 0
-6.64802 0.632186 0
-6.64735 0.612141 0
-6.64463 0.59198 0
-6.65183 0.572431 0
-6.64699 0.552168 0
-6.6301 0.531307 0
-6.64111 0.511946 0
-6.65006 0.492427 0
-6.61898 0.471114 0
-6.62781 0.451614 0
-6.64857 0.432509 0
-6.64128 0.412321 0
-6.64593 0.392552 0
-6.63652 0.372366 0
-6.64105 0.352589 0
-6.63951 0.332653 0
-6.62191 0.312433 0
-6.64025 0.29288 0
-6.64052 0.272991 0
-6.63274 0.253028 0
-6.62889 0.233138 0
-6.63298 0.213297 0
-6.63501 0.193431 0
-6.62898 0.17358 0
-6.63288 0.153701 0
-6.63272 0.133836 0
-6.6325 0.113971 0
-6.60823 0.0944847 0
-6.63188 0.0742449 0
-6.63947 0.0542087 0
-6.63101 0.0345239 0
-6.63248 0.0146093 0
-6.64388 -0.00563008 0
-6.63723 -0.025322 0
-6.62852 -0.0448995 0
-6.62775 -0.0647493 0
-6.6329 -0.0848609 0
-6.634 -0.104818 0
-6.62704 -0.124385 0
-6.63002 -0.144443 0
-6.64291 -0.165084 0
-6.63577 -0.184623 0
-6.63655 -0.20462 0
-6.62729 -0.22397 0
-6.63793 -0.24464 0
-6.62855 -0.263945 0
-6.63108 -0.284094 0
-6.63355 -0.304262 0
-6.62798 -0.323803 0
-6.62633 -0.34365 0
-6.62263 -0.363318 0
-6.61887 -0.382968 0
-6.64492 -0.405404 0
-6.63506 -0.424531 0
-6.62912 -0.444 0
-6.64103 -0.46529 0
-6.63098 -0.48433 0
-6.62685 -0.503969 0
-6.62464 -0.523811 0
-6.63032 -0.54457 0
-6.63196 -0.564896 0
-6.63155 -0.584997 0
-6.62909 -0.604854 0
-6.6226 -0.624193 0
-6.60217 -0.641671 0
-6.62927 -0.665448 0
-6.63646 -0.686667 0
-6.62972 -0.705978 0
-6.62201 -0.74538 0
-6.62499 -0.766102 0
-6.6101 -0.78411 0
-2.72806 -0.257348 0
-2.71484 -0.262845 0
-2.7193 -0.271613 0
-2.70802 -0.277388 0
-2.7085 -0.285403 0
-2.71091 -0.293815 0
-2.70938 -0.301455 0
-2.70782 -0.309089 0
-2.70624 -0.316719 0
-2.70073 -0.323514 0
-2.6991 -0.331121 0
-2.70136 -0.339578 0
-2.70359 -0.348053 0
-2.71164 -0.357866 0
-2.70991 -0.365507 0
-2.714 -0.374497 0
-2.70248 -0.379859 0
-2.70846 -0.389325 0
-2.70274 -0.396017 0
-2.70672 -0.405057 0
-2.70872 -0.413647 0
-2.71069 -0.422254 0
-2.69519 -0.426436 0
-2.70293 -0.436524 0
-2.70482 -0.44515 0
-2.69895 -0.451746 0
-2.70079 -0.460383 0
-2.69488 -0.466942 0
-2.69666 -0.47559 0
-2.69456 -0.483184 0
-2.68859 -0.489688 0
-2.69414 -0.499449 0
-2.69005 -0.506481 0
-2.69361 -0.515734 0
-2.70098 -0.526147 0
-3.20192 -0.693899 0
-3.24696 -0.717662 0
-3.25748 -0.731098 0
-3.25459 -0.740439 0
-3.25166 -0.749771 0
-3.2487 -0.759093 0
-3.24762 -0.76902 0
-3.2446 -0.778329 0
-3.25296 -0.791382 0
-3.24987 -0.800708 0
-3.24675 -0.810025 0
-3.33881 -0.862377 0
-3.24616 -0.925179 0
-3.24266 -0.934483 0
-3.2522 -0.948771 0
-3.24863 -0.958094 0
-3.24689 -0.968131 0
-3.24139 -0.976707 0
-3.25074 -0.991153 0
-3.24517 -0.999729 0
-3.25442 -1.01427 0
-3.25064 -1.0236 0
-3.24683 -1.03292 0
-3.24299 -1.04222 0
-3.25204 -1.05692 0
-3.24813 -1.06624 0
-3.25707 -1.08103 0
-3.25308 -1.09036 0
-3.24906 -1.09969 0
-3.25601 -1.1138 0
-3.25009 -1.12233 0
-3.24597 -1.13165 0
-3.25095 -1.14504 0
-3.25041 -1.156 0
-3.25529 -1.16946 0
-3.25466 -1.18046 0
-3.25036 -1.18979 0
-3.24603 -1.1991 0
-3.25434 -1.21437 0
-3.24813 -1.22284 0
-3.25633 -1.23818 0
-3.25185 -1.24752 0
-3.24734 -1.25684 0
-3.25359 -1.27142 0
-3.249 -1.28075 0
-3.25693 -1.29629 0
-3.25942 -1.30921 0
-3.25829 -1.32036 0
-3.28921 -1.34784 0
-3.37726 -1.4172 0
-3.37222 -1.42691 0
-3.37955 -1.44311 0
-3.36913 -1.45002 0
-3.34987 -1.45218 0
-3.37644 -1.47883 0
-3.38001 -1.4933 0
-3.38 -1.50589 0
-3.36943 -1.51272 0
-3.36934 -1.52531 0
-2.94963 -1.33738 0
-3.03183 -1.40713 0
-3.03374 -1.41979 0
-6.65121 -3.57751 0
-6.64286 -3.59945 0
-6.64817 -3.6296 0
-6.64993 -3.65776 0
-6.6396 -3.67869 0
-6.64115 -3.70691 0
-6.65791 -3.7446 0
-5.42522 -3.09792 0
-5.31899 -3.05244 0
-5.23829 -3.02261 0
-5.23159 -3.0403 0
-5.22818 -3.06016 0
-5.22135 -3.07783 0
-5.37546 -3.22539 0
-6.65573 -4.10998 0
-6.65388 -4.13774 0
-6.65026 -4.16441 0
-6.64654 -4.1911 0
-1.97998 -0.995217 0
-1.92865 -0.96745 0
-1.9283 -0.974943 0
-1.91157 -0.97092 0
-1.90956 -0.977222 0
-1.91404 -0.988174 0
-1.90548 -0.989823 0
-1.89368 -0.989085 0
-1.91746 -1.0142 0
-1.89111 -1.0028 0
-1.89541 -1.01382 0
-1.91733 -1.038 0
-6.64945 -4.58519 0
-6.6569 -4.62192 0
-6.65302 -4.65029 0
-6.65538 -4.68353 0
-6.65918 -4.71806 0
-6.65017 -4.74287 0
-1.619 -0.897566 0
-1.61559 -0.9018 0
-1.61682 -0.909808 0
-1.61182 -0.912768 0
-1.613 -0.920793 0
-1.60028 -0.91735 0
-1.60295 -0.926649 0
-1.59179 -0.924403 0
-1.59135 -0.931133 0
-1.59241 -0.939166 0
-1.58887 -0.943316 0
-6.6541 -5.31057 0
-6.6475 -5.33964 0
-6.64831 -5.3753 0
-6.65347 -5.41497 0
-6.64646 -5.44413 0
-6.6468 -5.47995 0
-6.64697 -5.51583 0
-6.64848 -5.5531 0
-6.6424 -5.58372 0
-6.6421 -5.61975 0
-5.41348 -4.53015 0
-5.32228 -4.47568 0
-5.27985 -4.46559 0
-1.40056 -0.912573 0
-1.4014 -0.920315 0
-1.39078 -0.916865 0
-1.40154 -0.934442 0
-1.39093 -0.930948 0
-1.38459 -0.931641 0
-6.64916 -6.48266 0
-6.64761 -6.52283 0
-6.64863 -6.56597 0
-5.28153 -5.15287 0
-5.30851 -5.21528 0
-5.23994 -5.17527 0
-6.64248 -6.73038 0
-6.63573 -6.76647 0
-6.63824 -6.81293 0
-6.64723 -6.86689 0
-6.64391 -6.90758 0
-6.6444 -6.9528 0
-6.66326 -7.01903 0
-6.64736 -7.04646 0
-6.64191 -7.08588 0
-6.63889 -7.12836 0
-6.64091 -7.17694 0
-6.63748 -7.21953 0
-1.18812 -0.934598 0
-1.18333 -0.93594 0
-1.1798 -0.938815 0
-1.17626 -0.94168 0
-3.62646 -5.72494 0
-3.56078 -5.65182 0
-3.5445 -5.66557 0
-3.52623 -5.67578 0
-3.50985 -5.68944 0
-3.48957 -5.69604 0
-3.48076 -5.72364 0
-3.51933 -6.21634 0
-3.5498 -6.32646 0
-3.58295 -6.49551 0
-3.56297 -6.50763 0
-3.53152 -6.49633 0
-2.98501 -5.4233 0
-2.87754 -5.28859 0
-2.85017 -5.27503 0
-2.82801 -5.27222 0
-2.81011 -5.27839 0
-2.78633 -5.27179 0
-2.76678 -5.27419 0
-2.74724 -5.27651 0
-2.70166 -5.26636 0
-2.57013 -5.05996 0
-2.6191 -5.26334 0
-2.6013 -5.26883 0
-2.58191 -5.27058 0
-2.5571 -5.25937 0
-2.53547 -5.25543 0
-2.52 -5.26619 0
-2.51133 -5.29357 0
-2.50024 -5.31538 0
-2.48455 -5.32605 0
-2.47995 -5.36453 0
-2.46998 -5.39002 0
-2.44745 -5.38385 0
-2.41629 -5.35523 0
-2.37382 -5.2966 0
-2.34458 -5.2714 0
-2.32258 -5.26478 0
-2.30626 -5.27306 0
-2.28852 -5.27754 0
-2.268 -5.27445 0
-2.25232 -5.28444 0
-2.22845 -5.27181 0
-2.2067 -5.26474 0
-2.18768 -5.26512 0
-2.17 -5.26922 0
-2.15754 -5.28838 0
-2.13785 -5.2867 0
-2.12205 -5.29632 0
-2.10429 -5.3002 0
-2.08589 -5.30213 0
-2.06875 -5.3078 0
-2.0516 -5.31341 0
-2.03381 -5.31707 0
-2.02391 -5.34544 0
-2.00904 -5.35854 0
-1.99649 -5.37925 0
-1.98441 -5.40183 0
-1.97163 -5.42249 0
-1.95123 -5.41823 0
-1.93202 -5.41772 0
-1.91282 -5.41715 0
-1.897 -5.42804 0
-1.88003 -5.43504 0
-1.86083 -5.4343 0
-1.84112 -5.43156 0
-1.83803 -5.48849 0
-1.77798 -5.4075 0
-1.74913 -5.36971 0
-1.73178 -5.37432 0
-1.71543 -5.38276 0
-3.69617 -13.3113 0
-3.65017 -13.3064 0
-3.60615 -13.3091 0
-3.56215 -13.3117 0
-3.51769 -13.3122 0
-3.47326 -13.3126 0
-3.43024 -13.3187 0
-3.3836 -13.309 0
-3.34061 -13.3148 0
-3.30112 -13.336 0
-3.28923 -13.4821 0
-3.29052 -13.6928 0
-3.28885 -13.8957 0
-5.43733 -24.2575 0
-5.3615 -24.2755 0
-5.29406 -24.3343 0
-5.3071 -24.793 0
-1.21139 -4.93004 0
-1.19757 -4.94479 0
-1.18014 -4.93981 0
