-2.79024 -2.79024 0
-2.78153 -2.79893 0
-2.7728 -2.80758 0
-2.76403 -2.81621 0
-2.75524 -2.82481 0
-2.74643 -2.83338 0
-2.74452 -2.84913 0
-2.72871 -2.85045 0
-2.72257 -2.86184 0
-2.71089 -2.8674 0
-2.71016 -2.88458 0
-2.70115 -2.89301 0
-2.69212 -2.90142 0
-2.68171 -2.90833 0
-2.67399 -2.91814 0
-2.66353 -2.92498 0
-2.6544 -2.93327 0
-2.64658 -2.94302 0
-2.6374 -2.95125 0
-2.63483 -2.96693 0
-2.62557 -2.97513 0
-2.61101 -2.97729 0
-2.59909 -2.98239 0
-2.59764 -2.99955 0
-2.58828 -3.00763 0
-2.57889 -3.01568 0
-2.56948 -3.02371 0
-2.56004 -3.0317 0
-2.55058 -3.03966 0
-2.5411 -3.0476 0
-2.53158 -3.0555 0
-2.53095 -3.07419 0
-2.52135 -3.08206 0
-2.51174 -3.0899 0
-2.50209 -3.09772 0
-2.49243 -3.1055 0
-2.48024 -3.11013 0
-2.47302 -3.12098 0
-2.46328 -3.12867 0
-2.45352 -3.13633 0
-2.44987 -3.15186 0
-2.44126 -3.16106 0
-2.43018 -3.16707 0
-2.42029 -3.17463 0
-2.41039 -3.18215 0
-2.40166 -3.19125 0
-2.39051 -3.19712 0
-2.38172 -3.20616 0
-2.37884 -3.22322 0
-2.36051 -3.21933 0
-2.35517 -3.23313 0
-0.526472 -0.727483 0
-0.528872 -0.735616 0
-0.527739 -0.738888 0
-0.519647 -0.732374 0
-0.513905 -0.729086 0
-0.512777 -0.732322 0
-0.508208 -0.730633 0
-0.503655 -0.728922 0
-0.497985 -0.725542 0
-0.505861 -0.741962 0
-0.502425 -0.741879 0
-0.498994 -0.741782 0
-0.503347 -0.753312 0
-0.506526 -0.763209 0
-0.499742 -0.758104 0
-0.587211 -0.896865 0
-2.209 -3.39692 0
-2.19623 -3.40043 0
-2.18778 -3.41062 0
-2.18036 -3.42248 0
-2.16968 -3.42926 0
-2.15899 -3.43601 0
-2.14827 -3.44272 0
-2.13753 -3.4494 0
-2.1341 -3.46797 0
-2.12328 -3.4746 0
-2.11244 -3.4812 0
-2.10158 -3.48777 0
-2.0907 -3.4943 0
-2.08287 -3.50596 0
-2.076 -3.51932 0
-2.06805 -3.53095 0
-2.05703 -3.53738 0
-2.046 -3.54378 0
-2.03495 -3.55014 0
-2.02684 -3.56168 0
-2.0177 -3.57146 0
-2.00851 -3.58122 0
-2.00026 -3.5927 0
-1.98615 -3.59367 0
-1.97975 -3.60861 0
-1.97423 -3.6253 0
-1.95912 -3.6244 0
-1.9516 -3.63753 0
-1.94213 -3.64713 0
-1.92982 -3.6514 0
-1.92493 -3.66979 0
-1.91164 -3.67223 0
-1.90661 -3.6906 0
-1.8951 -3.69653 0
-1.88357 -3.70242 0
-1.87202 -3.70827 0
-1.86225 -3.71766 0
-1.8551 -3.7324 0
-1.84965 -3.75072 0
-1.83795 -3.75647 0
-1.82536 -3.76038 0
-1.81884 -3.77686 0
-1.80792 -3.78432 0
-1.79526 -3.78813 0
-1.7894 -3.80637 0
-1.77753 -3.81193 0
-1.76564 -3.81745 0
-1.75957 -3.83566 0
-1.74761 -3.84113 0
-1.73892 -3.85385 0
-1.72935 -3.86472 0
-1.72054 -3.87741 0
-1.70845 -3.88275 0
-1.69874 -3.89356 0
-1.68819 -3.9025 0
-1.67602 -3.90775 0
-1.66618 -3.91847 0
-1.65939 -3.93655 0
-1.65251 -3.95462 0
-1.64018 -3.95975 0
-1.62783 -3.96484 0
-1.61848 -3.9773 0
-1.60832 -3.98789 0
-1.59811 -3.99846 0
-1.58785 -4.009 0
-1.57827 -4.02137 0
-1.56791 -4.03187 0
-1.55533 -4.03673 0
-1.54488 -4.04717 0
-1.53226 -4.05196 0
-1.52384 -4.06796 0
-1.51185 -4.07456 0
-1.50328 -4.09052 0
-1.49121 -4.09706 0
-1.48725 -4.12615 0
-1.47438 -4.13076 0
-1.4615 -4.13534 0
-1.4486 -4.13987 0
-1.44159 -4.16138 0
-1.42861 -4.16585 0
-1.41755 -4.17596 0
-1.40771 -4.18984 0
-1.39401 -4.19231 0
-1.38469 -4.20803 0
-1.37405 -4.21993 0
-1.28975 -4.00337 0
-1.24872 -3.91781 0
-1.23951 -3.93122 0
-1.22487 -3.92743 0
-1.2138 -3.93505 0
-1.2027 -3.94264 0
-1.19676 -3.96743 0
-1.18839 -3.98456 0
-1.17201 -3.97481 0
-1.15178 -3.95157 0
-1.12949 -3.92054 0
-0 -0 0
-0 -0 0
-0 -0 0
-0 -0 0
-0 -0 0
-1.05236 -3.92745 0
-1.01709 -3.84371 0
-0.983871 -3.76559 0
-0.95015 -3.68343 0
-0.929288 -3.64955 0
-0.915472 -3.64273 0
-0.905077 -3.64944 0
-0.900354 -3.67944 0
-0.89733 -3.71723 0
-0.888983 -3.73362 0
-0.880085 -3.74806 0
-0.871106 -3.76248 0
-0.861601 -3.77492 0
-0.849832 -3.77759 0
-0.841084 -3.79389 0
-0.833097 -3.81407 0
-0.821206 -3.81665 0
-0.812209 -3.83289 0
-0.804344 -3.85498 0
-0.793533 -3.86335 0
-0.781092 -3.86384 0
-0.769046 -3.86626 0
-0.754688 -3.85686 0
-0.745688 -3.8749 0
-0.74439 -3.9342 0
-0.874015 -4.69941 0
-0.864039 -4.72769 0
-0.851774 -4.74414 0
-0.838026 -4.75268 0
-0.825598 -4.76907 0
-0.812405 -4.78147 0
-0.798814 -4.79187 0
-0.786135 -4.80816 0
-0.772096 -4.81651 0
-0.760495 -4.84062 0
-0.746926 -4.85286 0
-0.732692 -4.86109 0
-0.718706 -4.87127 0
-0.70752 -4.9012 0
-0.691962 -4.9014 0
-0.678597 -4.9174 0
-0.663268 -4.91949 0
-0.61269 -4.65384 0
-0.592575 -4.61209 0
-0.581431 -4.63971 0
-0.603586 -4.94127 0
-0.594327 -4.99477 0
-0.581518 -5.02043 0
-0.567436 -5.03613 0
-0.553044 -5.04981 0
-0.537302 -5.05151 0
-0.522993 -5.06708 0
-0.509588 -5.09257 0
-0.495064 -5.10807 0
-0.480449 -5.12352 0
-0.46484 -5.12898 0
-0.450769 -5.15232 0
-0.435214 -5.15968 0
-0.420911 -5.18294 0
-0.40569 -5.19619 0
-0.39039 -5.20939 0
-0.374582 -5.21657 0
-0.360103 -5.24365 0
-0.344413 -5.25473 0
-0.329155 -5.27374 0
-0.313072 -5.28073 0
-0.297622 -5.29965 0
-0.281633 -5.31054 0
-0.265978 -5.32937 0
-0.250301 -5.35015 0
-0.233887 -5.3569 0
-0.218162 -5.38158 0
-0.201763 -5.39223 0
-0.185573 -5.41082 0
-0.169332 -5.43136 0
-0.152515 -5.43586 0
-0.135872 -5.44831 0
-0.0909244 -4.16701 0
-0.0764409 -4.08729 0
-0.0669742 -4.29748 0
-0.068814 -5.51957 0
-0.051798 -5.53976 0
-0.0346943 -5.56589 0
-0.0173846 -5.57797 0
1.04974e-07 -5.606 0
0.0175032 -5.61597 0
0.0351558 -5.63989 0
0.0529763 -5.66575 0
0.0708088 -5.67956 0
0.0887278 -5.69331 0
0.106733 -5.707 0
0.125043 -5.73064 0
0.143352 -5.74821 0
0.161827 -5.76773 0
0.180239 -5.78119 0
0.198804 -5.79659 0
0.217766 -5.81993 0
0.236876 -5.8432 0
0.255784 -5.85842 0
0.275163 -5.88157 0
0.294191 -5.89466 0
0.312667 -5.89572 0
0.31007 -5.5213 0
0.326211 -5.50234 0
0.351705 -5.63504 0
0.392811 -5.99314 0
0.412584 -6.00785 0
0.432596 -6.02449 0
0.453313 -6.04904 0
0.473876 -6.06953 0
0.494733 -6.09194 0
0.515734 -6.11429 0
0.536357 -6.13058 0
0.557808 -6.15478 0
0.578294 -6.16695 0
0.599827 -6.189 0
0.6221 -6.21695 0
0.6425 -6.22493 0
0.666128 -6.26267 0
0.687603 -6.27846 0
0.710303 -6.30411 0
0.731788 -6.31776 0
0.754783 -6.34325 0
0.778914 -6.3766 0
0.802017 -6.39994 0
0.82196 -6.39741 0
0.837717 -6.36309 0
0.858346 -6.3664 0
0.891855 -6.46275 0
0.92038 -6.51935 0
0.94498 -6.54614 0
0.966837 -6.55306 0
0.983083 -6.52233 0
1.01223 -6.57656 0
1.04048 -6.62277 0
1.06776 -6.66096 0
0.818084 -5.00356 0
0.830386 -4.98126 0
0.856292 -5.03977 0
0.882912 -5.10014 0
1.17386 -6.6573 0
1.19496 -6.65558 0
1.2272 -6.71478 0
1.24556 -6.69716 0
1.26903 -6.707 0
1.2578 -6.53607 0
1.27817 -6.53212 0
0 -0 0
1.33194 -6.58872 0
1.36092 -6.62568 0
1.38156 -6.6214 0
1.40219 -6.61707 0
1.42575 -6.62635 0
1.44938 -6.63555 0
1.47136 -6.63686 0
1.49818 -6.65956 0
1.52605 -6.68606 0
1.55229 -6.70465 0
1.57775 -6.71925 0
1.60332 -6.73376 0
1.63462 -6.7715 0
1.67759 -6.85573 0
1.74613 -7.04071 0
1.86945 -7.43869 0
1.90497 -7.48128 0
1.93227 -7.4908 0
1.68815 -6.4611 0
1.7047 -6.44227 0
1.75583 -6.55284 0
2.07944 -7.66494 0
2.11656 -7.70664 0
2.15235 -7.74239 0
2.19056 -7.78571 0
2.22631 -7.81923 0
2.26341 -7.85646 0
2.30019 -7.89161 0
2.34005 -7.9362 0
2.37678 -7.96911 0
2.4068 -7.9789 0
1.89304 -6.20569 0
1.66006 -5.38179 0
1.62323 -5.20475 0
1.66952 -5.29504 0
1.75768 -5.51466 0
2.02815 -6.29536 0
2.02732 -6.22626 0
2.03859 -6.19521 0
2.04022 -6.13569 0
2.03895 -6.06863 0
0 -0 0
2.07674 -6.0558 0
0 -0 0
2.15936 -6.17111 0
0 -0 0
0 -0 0
0 -0 0
2.83945 -7.80133 0
2.85409 -7.76616 0
2.31821 -6.24778 0
2.35241 -6.27986 0
2.90748 -7.68863 0
2.34586 -6.14549 0
2.34486 -6.08589 0
2.37832 -6.11584 0
2.45875 -6.26478 0
2.46942 -6.23477 0
2.47325 -6.18805 0
2.55611 -6.33797 0
3.06208 -7.52483 0
3.08096 -7.50415 0
3.10127 -7.48712 0
3.11919 -7.4645 0
3.14555 -7.46211 0
3.16174 -7.43571 0
3.18254 -7.42031 0
3.20168 -7.40117 0
2.14742 -4.92194 0
2.16275 -4.91522 0
2.17725 -4.90663 0
2.18763 -4.88887 0
2.17982 -4.83098 0
2.13689 -4.69673 0
2.15068 -4.68823 0
2.15941 -4.6688 0
2.17648 -4.66749 0
2.20123 -4.6824 0
2.29119 -4.83456 0
2.32694 -4.87071 0
2.41066 -5.00578 0
2.45769 -5.06302 0
2.48488 -5.07869 0
2.5007 -5.07092 0
2.41234 -4.85356 0
2.37103 -4.73336 0
2.37675 -4.70809 0
2.3887 -4.69531 0
2.40514 -4.6914 0
3.61127 -6.99029 0
3.6275 -6.96836 0
3.65106 -6.96056 0
3.66339 -6.93146 0
3.72539 -6.99592 0
2.52081 -4.69848 0
2.53259 -4.68532 0
2.55579 -4.69322 0
2.56656 -4.67821 0
3.78075 -6.84075 0
3.79524 -6.8167 0
3.81157 -6.79611 0
3.83077 -6.78072 0
3.85188 -6.76875 0
3.86699 -6.7463 0
3.87 -6.70304 0
3.89992 -6.7065 0
3.92181 -6.69604 0
3.93352 -6.66828 0
3.95633 -6.65943 0
3.97295 -6.6402 0
3.98847 -6.61922 0
4.01427 -6.61531 0
4.02235 -6.58229 0
4.04285 -6.56972 0
4.05698 -6.54689 0
4.0816 -6.541 0
4.09452 -6.51639 0
4.10946 -6.49515 0
4.13076 -6.48399 0
4.14879 -6.46772 0
4.16893 -6.45476 0
4.18139 -6.43 0
4.20141 -6.41694 0
4.22689 -6.41216 0
4.2358 -6.38229 0
4.25456 -6.36739 0
4.27326 -6.35244 0
4.29192 -6.33744 0
4.30715 -6.31742 0
4.32568 -6.30232 0
4.34303 -6.28552 0
4.35689 -6.26374 0
4.37639 -6.25013 0
4.40161 -6.24463 0
4.40832 -6.21294 0
4.43347 -6.20731 0
4.44696 -6.18534 0
4.46387 -6.16821 0
4.47836 -6.14781 0
4.4975 -6.13382 0
4.51303 -6.11494 0
4.53207 -6.10085 0
4.55106 -6.08669 0
4.564 -6.06449 0
4.58288 -6.05024 0
4.59565 -6.02797 0
4.61441 -6.01362 0
4.63313 -5.99921 0
4.65181 -5.98474 0
4.67044 -5.97021 0
4.68284 -5.94777 0
4.70135 -5.93315 0
4.71608 -5.91377 0
4.73449 -5.89905 0
4.75285 -5.88426 0
4.77116 -5.86942 0
4.78943 -5.85452 0
4.80766 -5.83957 0
4.82583 -5.82455 0
4.84396 -5.80949 0
4.86205 -5.79436 0
4.88008 -5.77918 0
4.89289 -5.75784 0
4.91341 -5.74561 0
4.92868 -5.72723 0
4.94651 -5.71185 0
4.96692 -5.69942 0
4.98465 -5.68391 0
4.9997 -5.66535 0
5.00936 -5.64076 0
5.03225 -5.63109 0
5.05245 -5.61835 0
5.06323 -5.59516 0
5.08468 -5.58379 0
5.0926 -5.5576 0
5.1099 -5.5417 0
5.12714 -5.52575 0
5.14434 -5.50974 0
5.16012 -5.49222 0
5.17446 -5.47321 0
5.19149 -5.45705 0
5.20433 -5.43651 0
5.22125 -5.42026 0
3.92824 -4.05262 0
3.65876 -3.75114 0
3.47991 -3.5456 0
3.44175 -3.48493 0
3.50053 -3.52242 0
3.58503 -3.58503 0
3.97779 -3.95308 0
3.78518 -3.73829 0
3.74115 -3.67183 0
3.75114 -3.65876 0
3.84726 -3.72918 0
3.88767 -3.74492 0
4.20127 -4.02184 0
4.13698 -3.93566 0
4.16522 -3.93787 0
3.83639 -3.60441 0
3.73504 -3.48734 0
3.7283 -3.45936 0
3.72142 -3.43145 0
3.74979 -3.43605 0
3.69098 -3.36106 0
3.7133 -3.36028 0
3.73268 -3.35671 0
3.73716 -3.33973 0
3.74456 -3.32541 0
3.75041 -3.30975 0
0 -0 0
3.78303 -3.29682 0
3.77968 -3.27323 0
3.78683 -3.25883 0
3.81369 -3.26131 0
3.83298 -3.25718 0
3.83394 -3.23747 0
3.86393 -3.24222 0
3.87401 -3.23016 0
3.99649 -3.31122 0
4.71859 -3.88477 0
4.75854 -3.89284 0
4.79083 -3.89439 0
0 -0 0
5.11448 -4.10481 0
4.29069 -3.42171 0
4.27155 -3.38472 0
4.29308 -3.38005 0
4.354 -3.40609 0
4.55251 -3.53856 0
5.10803 -3.94489 0
5.44082 -4.17489 0
6.05978 -4.6199 0
5.18774 -3.92956 0
3.99985 -3.01019 0
3.98518 -2.97975 0
3.97679 -2.95419 0
6.12943 -4.52372 0
6.14027 -4.50223 0
6.1672 -4.49249 0
6.20386 -4.48967 0
6.22757 -4.47731 0
6.24474 -4.46021 0
6.26677 -4.44651 0
6.28714 -4.43157 0
6.29273 -4.40621 0
6.31792 -4.39458 0
6.33981 -4.38055 0
6.35179 -4.35964 0
6.36534 -4.33982 0
6.38381 -4.32332 0
6.40555 -4.30899 0
6.42061 -4.29011 0
6.43562 -4.27119 0
6.4489 -4.25111 0
6.46546 -4.23318 0
6.48868 -4.21955 0
6.50852 -4.20365 0
6.52159 -4.18334 0
6.5464 -4.17052 0
0 -0 0
6.5655 -4.12538 0
0 -0 0
5.72406 -3.54709 0
5.73509 -3.52924 0
5.73241 -3.503 0
5.76724 -3.49964 0
5.94599 -3.58281 0
6.00004 -3.58993 0
6.70414 -3.98289 0
6.72685 -3.96807 0
6.74436 -3.95012 0
5.37523 -3.12577 0
5.30874 -3.065 0
5.28009 -3.02656 0
5.25821 -2.99228 0
5.18741 -2.93063 0
5.13546 -2.8802 0
5.13393 -2.85835 0
5.12006 -2.82976 0
5.11833 -2.80801 0
5.10774 -2.78153 0
5.10231 -2.75798 0
5.10559 -2.73923 0
5.10704 -2.71955 0
5.11549 -2.70362 0
5.13275 -2.69231 0
5.14999 -2.68091 0
5.20807 -2.69055 0
5.24312 -2.68799 0
5.27822 -2.68524 0
5.30263 -2.67689 0
5.28949 -2.6496 0
5.27264 -2.62064 0
5.27182 -2.59977 0
5.29067 -2.5886 0
5.29332 -2.56948 0
5.27788 -2.54169 0
5.30562 -2.53471 0
5.37675 -2.54814 0
5.34485 -2.51265 0
5.37259 -2.50528 0
5.37493 -2.48601 0
5.39538 -2.47508 0
5.42127 -2.46653 0
5.48362 -2.4743 0
5.48948 -2.45638 0
5.50808 -2.44413 0
5.51933 -2.42856 0
5.51037 -2.40415 0
5.48113 -2.37108 0
5.48849 -2.35399 0
5.50316 -2.34 0
5.67445 -2.39198 0
7.38146 -3.08449 0
7.40397 -3.06682 0
7.41164 -3.04297 0
7.4248 -3.02137 0
5.8316 -2.35189 0
5.86304 -2.34335 0
7.42855 -2.94224 0
5.61503 -2.20374 0
5.60696 -2.18043 0
5.60626 -2.16007 0
5.66715 -2.16327 0
5.75805 -2.17743 0
5.87157 -2.19946 0
5.88777 -2.18463 0
5.93772 -2.18214 0
5.96893 -2.17251 0
5.70285 -2.05556 0
5.7243 -2.04316 0
5.73441 -2.02664 0
6.92055 -2.42161 0
6.78444 -2.35027 0
6.76146 -2.31873 0
6.78949 -2.30472 0
6.91229 -2.3224 0
6.95175 -2.31158 0
6.96842 -2.29303 0
7.01357 -2.28368 0
7.01875 -2.2612 0
7.04673 -2.24599 0
7.06895 -2.22883 0
7.06441 -2.20322 0
6.68901 -2.06329 0
6.53089 -1.99224 0
6.51026 -1.96379 0
6.4991 -1.93835 0
6.50511 -1.91808 0
6.50914 -1.89724 0
6.51694 -1.8775 0
6.5343 -1.86046 0
6.53814 -1.83955 0
5.95035 -1.65417 0
5.73755 -1.57577 0
5.84473 -1.58563 0
5.88056 -1.57569 0
5.66889 -1.50005 0
5.65999 -1.47884 0
5.6394 -1.4547 0
5.61677 -1.43021 0
5.58629 -1.40392 0
5.56346 -1.37976 0
5.53082 -1.35338 0
5.51168 -1.33051 0
5.50024 -1.30962 0
5.4673 -1.28378 0
5.44789 -1.26132 0
5.42255 -1.23766 0
5.40492 -1.21593 0
5.39111 -1.19518 0
5.37136 -1.17325 0
5.33979 -1.14893 0
5.31987 -1.12731 0
5.30378 -1.10664 0
5.29153 -1.08688 0
5.28901 -1.0692 0
5.2982 -1.05388 0
5.3152 -1.04005 0
5.32824 -1.02537 0
5.34516 -1.01136 0
5.35419 -0.995792 0
5.3671 -0.980898 0
5.37997 -0.965933 0
5.40463 -0.952981 0
5.41348 -0.937155 0
5.42821 -0.922289 0
5.44289 -0.90734 0
5.46543 -0.893599 0
5.46819 -0.876561 0
5.48472 -0.861687 0
5.50517 -0.847327 0
5.5157 -0.831357 0
5.53211 -0.816206 0
5.54849 -0.800961 0
5.56284 -0.785342 0
5.58903 -0.771281 0
5.59934 -0.754928 0
5.62149 -0.740083 0
5.63567 -0.724089 0
5.64386 -0.707267 0
5.66787 -0.692341 0
5.68788 -0.676799 0
5.69592 -0.659759 0
5.7059 -0.6429 0
5.84505 -0.640137 0
6.40984 -0.681782 0
6.29456 -0.649686 0
6.27665 -0.628074 0
6.28853 -0.609473 0
6.32426 -0.593045 0
6.33603 -0.574235 0
6.34775 -0.555356 0
6.3375 -0.534561 0
6.31521 -0.512864 0
6.30481 -0.492245 0
6.31828 -0.47349 0
6.29778 -0.45222 0
9.6373 -0.661833 0
9.62535 -0.630878 0
9.59333 -0.598758 0
9.53326 -0.565187 0
9.50902 -0.534014 0
9.48867 -0.50321 0
9.45423 -0.471841 0
9.42569 -0.440971 0
9.39305 -0.410109 0
9.36631 -0.379698 0
9.32747 -0.349009 0
9.30253 -0.319046 0
9.27549 -0.289179 0
9.25236 -0.259596 0
9.22113 -0.22996 0
9.19581 -0.200653 0
9.1664 -0.171431 0
9.13289 -0.142332 0
9.10329 -0.113493 0
9.0696 -0.0848026 0
9.04782 -0.0563982 0
9.01396 -0.028093 0
8.972 5.04011e-07 0
8.95396 0.027907 0
8.92183 0.0556138 0
8.89361 0.083158 0
8.85331 0.110377 0
8.84293 0.137814 0
8.80246 0.164625 0
8.78591 0.19171 0
8.76128 0.218493 0
8.74656 0.245405 0
8.71976 0.271854 0
8.69489 0.298206 0
8.66594 0.324257 0
8.6429 0.350373 0
8.61379 0.376087 0
8.58461 0.401623 0
8.55935 0.42718 0
8.53001 0.452371 0
8.5026 0.477496 0
8.48909 0.503284 0
8.45954 0.527995 0
8.42991 0.552526 0
8.41019 0.577563 0
8.38441 0.602053 0
4.0287 0.30191 0
3.98986 0.311507 0
3.94701 0.32054 0
3.92207 0.330823 0
3.94493 0.345137 0
3.94384 0.35743 0
3.97058 0.372334 0
3.94551 0.382392 0
3.94032 0.394289 0
3.90127 0.402666 0
3.88807 0.413554 0
3.87284 0.424146 0
3.88541 0.437781 0
3.8582 0.446897 0
3.83098 0.455848 0
3.81564 0.466088 0
3.80028 0.476237 0
3.7829 0.486039 0
3.81508 0.502265 0
3.81944 0.514955 0
3.82772 0.528223 0
3.82408 0.539871 0
3.80654 0.5495 0
3.7969 0.560194 0
3.78722 0.570832 0
3.7874 0.582937 0
3.79347 0.59598 0
3.77974 0.605901 0
3.77586 0.617355 0
3.76208 0.627147 0
3.74631 0.636524 0
3.73248 0.64615 0
3.73045 0.65778 0
3.72445 0.668696 0
3.71447 0.678862 0
3.73594 0.694824 0
3.72982 0.705721 0
3.71975 0.71583 0
3.72143 0.728188 0
3.65244 0.726517 0
3.64036 0.735915 0
3.64001 0.74766 0
3.60829 0.752873 0
3.61963 0.767017 0
3.60353 0.77535 0
3.61282 0.789138 0
3.60449 0.799095 0
3.58246 0.805936 0
3.49999 0.79885 0
3.45462 0.79983 0
3.43069 0.805564 0
3.42427 0.815326 0
3.42949 0.827872 0
3.43272 0.839982 0
3.45338 0.856454 0
3.43324 0.862825 0
3.45573 0.879937 0
3.46653 0.8942 0
3.45018 0.901461 0
3.47442 0.919372 0
3.48506 0.933819 0
3.49564 0.948342 0
3.51774 0.966118 0
0 0 0
0 0 0
0 0 0
0 0 0
0 0 0
0 0 0
0 0 0
0 0 0
0.409376 0.12488 0
0.405163 0.124976 0
0.393316 0.122666 0
0.408191 0.128702 0
0.400166 0.127544 0
0.399766 0.128791 0
0.399363 0.130036 0
0.406555 0.133781 0
0.390953 0.129999 0
0.381067 0.128032 0
0.380666 0.129219 0
0.380261 0.130404 0
0.383633 0.132898 0
0.366227 0.128148 0
0.373368 0.131955 0
0.372955 0.133118 0
0.36125 0.130211 0
0.358963 0.130652 0
0.356676 0.13108 0
0.369392 0.137061 0
0.370836 0.138913 0
0.359177 0.135824 0
0.371831 0.141935 0
0.369521 0.142375 0
0.374667 0.1457 0
0.379797 0.149059 0
0.388627 0.153925 0
0.384431 0.15365 0
0.380241 0.153352 0
0.448304 0.182428 0
6.37372 2.61684 0
6.3489 2.6298 0
6.33145 2.64572 0
6.31027 2.66 0
6.30195 2.67966 0
6.2807 2.69377 0
6.27227 2.71333 0
6.25095 2.72726 0
6.24426 2.74754 0
6.21921 2.75969 0
6.2051 2.7766 0
6.19824 2.79675 0
5.08631 2.31414 0
6.16614 2.82866 0
6.14822 2.84367 0
6.1357 2.86113 0
6.10504 2.87002 0
6.1051 2.89332 0
6.08342 2.9063 0
6.05992 2.9183 0
6.05259 2.93805 0
6.03981 2.95514 0
6.0216 2.96953 0
6.01232 2.98828 0
5.99404 3.00252 0
5.97215 3.01488 0
5.94846 3.02623 0
5.94078 3.04566 0
5.92771 3.06233 0
5.90394 3.0734 0
5.89788 3.09364 0
5.88821 3.11201 0
5.85906 3.12001 0
5.85283 3.14014 0
5.84654 3.16027 0
5.82788 3.17369 0
5.80744 3.18607 0
5.79923 3.20512 0
5.78921 3.22318 0
5.76344 3.2324 0
5.76553 3.25724 0
5.74666 3.27024 0
5.73297 3.28615 0
5.71057 3.297 0
5.69681 3.31277 0
5.68128 3.32748 0
5.65882 3.33806 0
5.64152 3.35159 0
5.64134 3.37532 0
5.6188 3.38566 0
5.60651 3.40212 0
5.58564 3.41332 0
5.57668 3.43176 0
5.56426 3.44807 0
5.5433 3.45904 0
5.53758 3.47949 0
5.52163 3.49352 0
5.49891 3.50319 0
5.48797 3.52032 0
5.46521 3.52981 0
5.44244 3.53919 0
5.43139 3.55614 0
5.43197 3.58075 0
5.40412 3.5866 0
5.39956 3.60787 0
5.38166 3.62022 0
5.37531 3.64034 0
5.35733 3.65257 0
5.33933 3.66472 0
5.31142 3.66997 0
5.31145 3.6945 0
5.29828 3.70989 0
5.29486 3.73215 0
5.27505 3.74285 0
4.22338 3.01648 0
5.24025 3.76748 0
5.2382 3.79083 0
0 0 0
5.20318 3.81513 0
0 0 0
4.09078 3.03887 0
4.0028 2.99292 0
4.00304 3.0126 0
3.99363 3.02506 0
3.97623 3.03143 0
0 0 0
3.96518 3.06227 0
4.01404 3.12002 0
4.06573 3.18058 0
5.0505 3.97639 0
5.03808 3.99211 0
4.13432 3.29701 0
5.00686 4.01843 0
4.99431 4.03401 0
4.97706 4.04578 0
4.96442 4.06127 0
4.9502 4.07545 0
4.93747 4.09086 0
4.91702 4.09982 0
4.90268 4.11384 0
0 0 0
4.87999 4.14691 0
0 0 0
4.8495 4.17334 0
4.84101 4.19236 0
4.82792 4.20742 0
4.81328 4.22113 0
4.7971 4.23347 0
4.78837 4.25238 0
4.77062 4.26329 0
4.74392 4.2661 0
4.73802 4.28757 0
4.73055 4.3077 0
4.69351 4.30081 0
4.68596 4.32084 0
4.68713 4.34903 0
4.66771 4.35815 0
4.65702 4.37542 0
4.63609 4.38304 0
4.62531 4.40023 0
4.61013 4.41324 0
4.58339 4.4151 0
4.58253 4.44189 0
4.56866 4.45615 0
4.54904 4.46476 0
4.53226 4.47611 0
4.52112 4.49303 0
4.50851 4.50851 0
4.49021 4.51829 0
4.47892 4.53511 0
4.46476 4.54904 0
4.45056 4.56294 0
4.41961 4.55955 0
4.42203 4.59059 0
4.41324 4.61013 0
4.39333 4.61806 0
4.38029 4.63319 0
4.37405 4.65556 0
4.35542 4.66479 0
4.33542 4.67247 0
4.32084 4.68596 0
4.31027 4.70383 0
4.29693 4.71872 0
4.27818 4.72764 0
4.2661 4.74392 0
4.26062 4.76764 0
4.24176 4.77641 0
4.22817 4.7911 0
4.20794 4.79824 0
4.20085 4.82038 0
4.18057 4.8274 0
4.16812 4.84344 0
4.1556 4.85945 0
4.13785 4.86933 0
4.12265 4.8822 0
4.10613 4.89349 0
4.08957 4.90473 0
4.09213 4.93901 0
4.07163 4.94557 0
4.05367 4.95514 0
4.04704 4.97861 0
4.02647 4.98498 0
4.00967 4.99594 0
3.99408 5.00841 0
3.98342 5.02711 0
3.9702 5.04264 0
3.9557 5.05656 0
3.93992 5.06887 0
3.92166 5.07796 0
3.89486 5.07588 0
3.89721 5.11185 0
3.88729 5.13194 0
3.86887 5.14083 0
0 0 0
3.83556 5.16324 0
3.82301 5.18 0
3.79976 5.18221 0
3.78594 5.19726 0
3.78145 5.22524 0
1.78509 2.48291 0
1.62274 2.272 0
1.58787 2.2379 0
0 0 0
1.52112 2.17239 0
0 0 0
1.42683 2.06501 0
1.4136 2.05955 0
1.41055 2.0689 0
1.39849 2.06501 0
1.39316 2.07102 0
1.38893 2.07867 0
1.38244 2.08299 0
1.37594 2.08729 0
1.36943 2.09157 0
1.36072 2.09247 0
1.3542 2.0967 0
1.34981 2.10428 0
1.3454 2.11185 0
1.34416 2.12449 0
1.33753 2.12866 0
1.33406 2.13791 0
1.32213 2.13356 0
1.31966 2.14448 0
1.31089 2.14517 0
1.30731 2.15438 0
1.30265 2.16187 0
1.29796 2.16935 0
1.28404 2.16135 0
1.28238 2.17395 0
1.27762 2.18139 0
1.26881 2.1819 0
1.264 2.18931 0
1.25518 2.18977 0
1.25033 2.19715 0
1.24347 2.20104 0
1.23465 2.20141 0
1.23168 2.21224 0
1.22381 2.21432 0
1.21979 2.22338 0
1.21763 2.23595 0
1.2468 2.30659 0
1.4533 2.70876 0
1.46835 2.75741 0
1.46629 2.77435 0
1.45764 2.77891 0
1.44897 2.78344 0
1.44028 2.78794 0
1.4325 2.7942 0
1.42379 2.79865 0
1.42046 2.81379 0
1.41169 2.8182 0
1.4029 2.82258 0
0 0 0
1.43098 2.92469 0
0 0 0
0.772313 1.60372 0
0.764724 1.60071 0
0.759732 1.60309 0
0.799829 1.70137 0
0.871439 1.86881 0
1.33913 2.89531 0
1.3301 2.89947 0
1.32106 2.9036 0
1.31201 2.9077 0
1.30866 2.92456 0
1.29953 2.92862 0
1.29121 2.93449 0
1.28125 2.93667 0
1.27765 2.95349 0
1.26765 2.95562 0
1.26391 2.97244 0
1.25464 2.97637 0
1.24536 2.98026 0
1.23607 2.98413 0
1.23208 3.00092 0
1.22272 3.00475 0
1.21858 3.02153 0
1.20916 3.02531 0
1.19973 3.02906 0
1.19466 3.04396 0
1.18445 3.0458 0
1.17495 3.04948 0
1.16901 3.06247 0
1.16087 3.06984 0
1.1548 3.08281 0
1.14658 3.09014 0
1.13695 3.0937 0
1.1273 3.09723 0
1.12239 3.1139 0
1.112 3.1155 0
1.10695 3.13215 0
1.09719 3.13558 0
1.08741 3.13899 0
1.08151 3.15371 0
1.07168 3.15707 0
1.06629 3.17366 0
1.05892 3.18456 0
1.05024 3.19164 0
1.05267 3.23294 0
1.06896 3.31806 0
1.06591 3.34424 0
1.05548 3.34755 0
1.04921 3.36419 0
1.03695 3.36171 0
1.0218 3.34962 0
1.02175 3.38725 0
1.01405 3.4 0
1.00514 3.4089 0
0.992833 3.40626 0
0.983873 3.4151 0
0 0 0
0.806021 2.86477 0
0 0 0
0.819929 2.98545 0
0.835756 3.08065 0
0.828738 3.09289 0
0.821141 3.1032 0
0.849385 3.25087 0
1.85384 7.18675 0
1.83242 7.19637 0
1.81486 7.22144 0
1.79619 7.24259 0
1.77409 7.2501 0
1.75524 7.27114 0
1.74044 7.30966 0
0.745215 3.17368 0
0.746147 3.22275 0
1.67514 7.33926 0
1.65533 7.3581 0
1.32591 5.98079 0
1.28293 5.87352 0
1.24695 5.79537 0
1.22971 5.80314 0
1.21326 5.81477 0
1.19593 5.82245 0
1.20433 5.95749 0
1.20059 6.03575 0
1.48057 7.56651 0
1.45963 7.58483 0
1.43821 7.60113 0
1.41671 7.61738 0
0.376107 2.05791 0
0.359441 2.00199 0
0.353895 2.00704 0
0.344909 1.99237 0
0.339032 1.9954 0
0.334456 2.00631 0
0.327233 2.00143 0
0.319411 1.99256 0
0.318476 2.02714 0
0.307898 2.00044 0
0.303152 2.01128 0
0.301553 2.04387 0
1.14015 7.89813 0
1.11944 7.92937 0
1.09664 7.94669 0
1.0748 7.97187 0
1.05308 7.99898 0
1.02917 8.01016 0
1.00619 8.0292 0
0.984555 8.06009 0
0.220952 1.8569 0
0.201817 1.74235 0
0.195938 1.739 0
0.189864 1.73363 0
0.18446 1.73422 0
0.17967 1.74075 0
0.174044 1.73931 0
0.169202 1.74582 0
0.162639 1.73439 0
0.157955 1.74286 0
0.151651 1.73338 0
0.146584 1.73783 0
0.141653 1.74426 0
0.136216 1.74469 0
0.630572 8.41441 0
0.605347 8.43029 0
0.580714 8.45608 0
0.556318 8.48779 0
0.530734 8.50345 0
0.50565 8.52903 0
0.480411 8.55452 0
0.455124 8.58194 0
0.429172 8.5993 0
0.403491 8.62457 0
0.304986 6.98535 0
0.279001 6.88235 0
0.256129 6.84521 0
0.29937 8.72887 0
0.272787 8.74975 0
0.0450421 1.60537 0
0.0398391 1.5975 0
0.0349473 1.60162 0
0.0298806 1.59772 0
0.0247763 1.58981 0
0.0198961 1.59588 0
0.0148287 1.58593 0
0.0100105 1.60597 0
0.00497403 1.59599 0
-1.49054e-07 1.592 0
-0.0049307 1.58199 0
-0.00992353 1.59197 0
-0.0149973 1.60393 0
-0.0199712 1.60188 0
-0.14305 9.17889 0
-0.172292 9.21239 0
-0.201614 9.2398 0
-0.231108 9.26712 0
-0.260887 9.29834 0
-0.228602 7.33244 0
-0.253647 7.39565 0
-0.273854 7.31888 0
-0.381482 9.41027 0
-0.411768 9.43102 0
-0.442842 9.46565 0
-0.474633 9.51016 0
-0.505754 9.5366 0
-0.53738 9.56892 0
-0.57087 9.62909 0
-0.601501 9.63725 0
-0.633234 9.66127 0
-0.665397 9.68918 0
-0.698313 9.72496 0
-0.730861 9.75265 0
-0 0 0
-0 0 0
-0.12305 1.45882 0
-0.128293 1.4664 0
-0.130697 1.44209 0
-0.136498 1.45561 0
-0.141034 1.45518 0
-0.145369 1.45274 0
-0.149896 1.45228 0
-0.154422 1.45181 0
-0.158728 1.44933 0
-0.163468 1.45082 0
-0.16937 1.46222 0
-0.172981 1.45374 0
-0 0 0
-1.3071 10.4304 0
-0 0 0
-0 0 0
-0 0 0
-0 0 0
-0 0 0
-0.0971555 0.673024 0
-0.100712 0.682611 0
-0.101945 0.67636 0
-0.102531 0.666156 0
-0.104607 0.665833 0
-0.103516 0.645756 0
-0.105205 0.643456 0
-0.106224 0.637207 0
-0.108879 0.640816 0
-0.110535 0.638503 0
-0.112524 0.638155 0
-0.114512 0.637802 0
-0.119017 0.651214 0
-0.122508 0.658705 0
-0.124189 0.656354 0
-0 0 0
-0 0 0
-0 0 0
-0 0 0
-2.35485 11.4647 0
-0 0 0
-0 0 0
-0 0 0
-0 0 0
-0 0 0
-0 0 0
-0 0 0
-0 0 0
-0 0 0
-2.84299 11.9402 0
-0 0 0
-0 0 0
-0 0 0
-0 0 0
-0 0 0
-0 0 0
-0 0 0
-0 0 0
-0 0 0
-0 0 0
-1.80353 6.56684 0
-1.79827 6.4687 0
-1.81951 6.46691 0
-1.83965 6.46121 0
-1.86089 6.45929 0
-1.87989 6.44962 0
-1.90564 6.46291 0
-2.01037 6.74059 0
-0 0 0
-2.06752 6.77767 0
-0 0 0
-0 0 0
-0 0 0
-0 0 0
-0 0 0
-2.22671 6.83861 0
-2.28303 6.93803 0
-2.36206 7.10358 0
-2.3791 7.08102 0
-2.4018 7.07546 0
-2.41605 7.04524 0
-2.04388 5.90001 0
-2.00744 5.73692 0
-2.02464 5.72875 0
-2.03442 5.69981 0
-2.0481 5.68215 0
-2.06512 5.67386 0
-2.07727 5.65238 0
-2.09279 5.64026 0
-2.10826 5.62809 0
-0 0 0
-2.13331 5.58868 0
-0 0 0
-2.08039 5.34973 0
-2.18693 5.57221 0
-2.18956 5.52818 0
-2.20603 5.51947 0
-2.22098 5.507 0
-2.2306 5.48153 0
-2.24311 5.46345 0
-2.26166 5.46013 0
-2.28715 5.47335 0
-2.31041 5.48094 0
-2.32905 5.47739 0
-2.35951 5.50136 0
-2.38458 5.51233 0
-2.39615 5.49204 0
-2.39795 5.44976 0
-2.38654 5.37828 0
-2.3894 5.33978 0
-2.40027 5.31955 0
-2.41767 5.31386 0
-2.43338 5.30448 0
-2.44571 5.2878 0
-2.46387 5.28377 0
-2.47181 5.25797 0
-2.48219 5.23759 0
-2.49592 5.22441 0
-2.51132 5.21481 0
-2.53367 5.21955 0
-2.54641 5.20444 0
-2.56439 5.20007 0
-2.57969 5.19026 0
-2.59407 5.17862 0
-2.61019 5.17051 0
-2.6263 5.16235 0
-2.64146 5.15236 0
-2.66852 5.16542 0
-2.6883 5.16418 0
-2.71182 5.16994 0
-2.73633 5.17738 0
-2.75997 5.18295 0
-2.77138 5.16551 0
-2.78461 5.15157 0
-2.79779 5.1376 0
-2.81667 5.13411 0
-2.83363 5.12706 0
-2.84667 5.11296 0
-2.85868 5.09709 0
-2.90111 5.13517 0
-9.49221 16.6803 0
-2.88632 5.03543 0
-2.88 4.98831 0
-2.89553 4.97931 0
-2.91306 4.97371 0
-3.02305 5.12481 0
-7.11792 11.9811 0
-7.14701 11.9452 0
-7.18007 11.916 0
-7.21302 11.8867 0
-7.24482 11.8556 0
-7.2765 11.8245 0
-7.31121 11.7983 0
-7.33735 11.7585 0
-7.37184 11.7322 0
-7.41478 11.7193 0
-7.52649 11.8142 0
-7.6745 11.9641 0
-7.81918 12.1065 0
-13.6258 20.9532 0
-13.6921 20.9123 0
-13.7814 20.9063 0
-14.0965 21.2399 0
-0 0 0
-0 0 0
-0 0 0
-0 0 0
-2.94943 4.29718 0
-2.96963 4.29784 0
-2.97844 4.282 0
-11.3878 16.2634 0
-11.2978 16.0284 0
-11.3477 15.9931 0
-11.3894 15.9463 0
-11.4939 15.9871 0
-11.5683 15.9852 0
-0 0 0
-11.6748 15.9224 0
-0 0 0
-0 0 0
-0 0 0
-0 0 0
-0 0 0
-15.5294 20.3694 0
-15.5514 20.267 0
-15.6108 20.2137 0
-0 0 0
-15.7291 20.1065 0
-0 0 0
-14.1239 17.8245 0
-0 0 0
-0 0 0
-0 0 0
-0 0 0
-0 0 0
-0 0 0
-0 0 0
-0 0 0
-0 0 0
-0 0 0
-0 0 0
-0 0 0
-0 0 0
-0 0 0
-0 0 0
-0 0 0
-0 0 0
-0 0 0
-0 0 0
-0 0 0
-0 0 0
-0 0 0
-0 0 0
-0 0 0
-0 0 0
-0 0 0
-0 0 0
-0 0 0
-0 0 0
-0 0 0
-0 0 0
-0 0 0
-0 0 0
-0 0 0
-0 0 0
-3.96295 3.98772 0
