-3.23807 -0.995601 0
-3.23552 -1.00644 0
-3.23293 -1.01728 0
-3.24003 -1.03047 0
-3.24125 -1.04228 0
-3.23467 -1.05216 0
-3.23776 -1.06447 0
-3.23499 -1.07531 0
-3.24381 -1.08916 0
-3.24096 -1.10002 0
-3.23808 -1.11087 0
-3.24676 -1.12485 0
-3.2438 -1.13571 0
-3.24081 -1.14657 0
-3.24935 -1.16066 0
-3.23666 -1.16881 0
-3.24318 -1.18241 0
-3.24004 -1.19327 0
-3.23688 -1.20411 0
-3.23559 -1.21552 0
-3.24384 -1.22981 0
-3.24248 -1.24125 0
-3.23916 -1.2521 0
-3.24727 -1.26651 0
-3.24196 -1.27678 0
-3.24235 -1.28885 0
-3.22555 -1.29542 0
-2.78642 -1.16486 0
-2.71873 -1.15311 0
-2.7062 -1.15918 0
-2.71452 -1.17218 0
-2.78341 -1.20574 0
-3.33849 -1.40599 0
-3.35357 -1.42368 0
-3.35912 -1.43817 0
-3.35519 -1.44939 0
-3.35499 -1.46193 0
-3.3507 -1.48569 0
-1.9638 -0.998086 0
-1.90066 -0.989949 0
-1.89253 -0.994489 0
-1.67484 -0.925358 0
-1.6032 -0.910846 0
-1.59906 -0.915854 0
-1.60048 -0.923081 0
-1.59816 -0.92882 0
-1.59397 -0.933794 0
-1.61011 -0.947148 0
-6.62211 -3.06748 0
-6.62413 -3.09354 0
-6.62238 -3.11807 0
-5.37697 -3.51272 0
-5.44352 -3.60023 0
-5.36611 -3.57754 0
-6.6294 -4.3717 0
-6.6146 -4.39205 0
-6.62186 -4.42602 0
-6.62218 -4.45584 0
-6.619 -4.48359 0
-6.63938 -4.52631 0
-6.63087 -4.55095 0
-6.63239 -4.58206 0
-6.62873 -4.60996 0
-6.63167 -4.64224 0
-6.62611 -4.66911 0
-6.62212 -4.69709 0
-6.63136 -4.73392 0
-6.62379 -4.75976 0
-6.61613 -4.78559 0
-6.62827 -4.82486 0
-6.62369 -4.853 0
-6.63055 -4.88907 0
-6.62408 -4.91614 0
-6.62243 -4.94664 0
-6.61739 -4.97489 0
-6.62532 -5.01235 0
-6.61839 -5.03951 0
-6.61462 -5.06899 0
-6.62048 -5.10549 0
-6.61483 -5.13388 0
-6.6204 -5.17052 0
-6.62138 -5.23692 0
-6.62019 -5.30233 0
-6.62499 -5.3393 0
-6.61846 -5.36792 0
-6.62296 -5.40501 0
-6.61776 -5.4349 0
-6.62983 -5.5468 0
-6.63195 -5.58302 0
-6.62763 -5.61434 0
-6.62945 -5.65067 0
-6.62637 -5.7185 0
-5.48145 -4.82514 0
-5.37865 -4.77086 0
-5.21738 -4.6962 0
-5.21097 -4.71959 0
-5.21673 -4.75326 0
-5.44609 -5.06723 0
-5.4611 -5.11109 0
-5.40798 -5.09603 0
-5.42123 -5.13864 0
-5.43578 -5.18271 0
-5.37376 -5.15926 0
-5.38509 -5.2007 0
-5.44533 -5.28634 0
-6.62723 -6.38579 0
-6.63155 -6.42869 0
-6.62237 -6.45953 0
-6.62927 -6.50527 0
-6.63007 -6.54568 0
-6.62776 -6.58343 0
-6.62237 -6.61849 0
-6.62264 -6.65907 0
-6.61548 -6.69283 0
-6.62263 -6.74042 0
-6.6209 -6.7798 0
-6.61612 -6.81645 0
-6.62407 -6.8657 0
-6.62321 -6.90666 0
-6.62643 -6.95189 0
-6.62802 -6.9958 0
-6.62515 -7.03554 0
-6.63904 -7.09234 0
-6.63154 -7.12797 0
-6.62949 -7.16932 0
-6.63843 -7.22217 0
-6.63039 -7.25793 0
-6.62914 -7.3009 0
-6.62769 -7.34393 0
-6.62741 -7.38847 0
-6.63106 -7.43743 0
-6.62349 -7.47483 0
-6.61849 -7.51518 0
-6.62148 -7.56436 0
-6.62558 -7.61509 0
-6.62132 -7.65709 0
-6.62495 -7.70799 0
-6.62564 -7.75602 0
-5.24844 -6.27527 0
-5.22142 -6.28342 0
-5.21434 -6.31386 0
-5.20713 -6.34432 0
-5.19846 -6.37329 0
-5.32886 -6.60195 0
-5.29838 -6.60716 0
-5.36552 -6.72615 0
-6.62099 -8.24197 0
-6.62167 -8.29386 0
-6.61566 -8.33817 0
-6.62483 -8.40094 0
-6.6209 -8.44847 0
-6.61547 -8.4945 0
-6.61742 -8.54986 0
-6.62163 -8.60841 0
-6.61924 -8.6593 0
-6.60908 -8.7009 0
-6.61496 -8.76284 0
-6.62425 -8.82959 0
-6.62576 -8.88706 0
-6.62204 -8.93833 0
-6.61929 -8.99124 0
-6.62241 -9.05212 0
-6.61911 -9.10518 0
-6.62891 -9.17579 0
-6.63349 -9.24018 0
-6.62931 -9.2935 0
-6.63206 -9.35648 0
-6.6321 -9.41636 0
-6.62588 -9.4683 0
-5.43516 -7.90858 0
-5.22837 -7.72525 0
-5.21653 -7.75849 0
-5.28369 -7.90232 0
-3.56411 -5.64243 0
-3.54479 -5.65098 0
-3.52773 -5.66275 0
-3.51515 -5.68108 0
-3.49799 -5.69276 0
-3.45133 -5.69769 0
-3.55137 -5.92419 0
-3.57625 -6.0012 0
-3.55809 -6.01307 0
-3.5087 -6.01646 0
-3.49368 -6.0735 0
-3.49981 -6.12404 0
-3.51097 -6.18316 0
-3.03956 -5.46596 0
-2.90628 -5.32258 0
-2.85803 -5.2794 0
-2.83592 -5.27876 0
-2.81179 -5.27461 0
-2.79079 -5.27551 0
-2.76778 -5.27289 0
-2.73874 -5.25982 0
-2.67254 -5.18269 0
-2.54267 -5.02908 0
-2.61674 -5.19409 0
-2.63067 -5.25518 0
-2.6119 -5.25888 0
-2.58924 -5.25553 0
-2.57148 -5.26083 0
-2.54793 -5.25555 0
-2.52539 -5.25194 0
-2.50672 -5.25526 0
-0.153151 -0.957143 0
-0.150734 -0.958371 0
-0.143825 -0.950655 0
-0.141428 -0.951855 0
-0.139027 -0.953046 0
-0.135741 -0.952435 0
-0.134214 -0.955407 0
-0.126585 -0.94577 0
-0.128522 -0.955934 0
-0.126109 -0.957085 0
-0.119428 -0.949184 0
-0.117036 -0.950307 0
-0.113799 -0.949608 0
-0.112241 -0.952531 0
-0.109008 -0.951812 0
-0.106607 -0.952902 0
-0.103384 -0.952161 0
-0.0969177 -0.944097 0
-0.0937339 -0.943321 0
-0.0921615 -0.946196 0
-0.0889826 -0.945399 0
-0.0873923 -0.948265 0
-0.0850029 -0.949288 0
-0.0826104 -0.950304 0
-0.0794415 -0.949468 0
-0.0770484 -0.950466 0
-0.0746522 -0.951457 0
-0.0684744 -0.943182 0
-0.0698505 -0.953417 0
-0.0637244 -0.945103 0
-0.061345 -0.946053 0
-0.0589627 -0.946995 0
-0.0514899 -0.934886 0
-0.0498635 -0.937663 0
-0.0503677 -0.946041 0
-0.0451482 -0.939469 0
-0.0470073 -0.951594 0
-0.0404219 -0.941245 0
-0.0387464 -0.943998 0
-0.0363705 -0.94487 0
-0.0319517 -0.940091 0
-0.0309365 -0.944708 0
-0.0272218 -0.941785 0
-0.0248528 -0.942621 0
-0.024451 -0.949117 0
-0.0201072 -0.94427 0
-0.0145066 -0.935618 0
-0.0153514 -0.94589 0
-0.0142357 -0.950483 0
-0.0118397 -0.951278 0
-0.00509335 -0.938758 0
-0.00519478 -0.947137 0
-0.000372201 -0.940285 0
0.00199191 -0.941037 0
0.00435835 -0.941782 0
0.0067271 -0.942519 0
0.0310682 -0.947557 0
0.0366085 -0.936633 0
0.0358436 -0.948857 0
0.0413156 -0.937899 0
0.0436721 -0.938521 0
0.0460305 -0.939136 0
0.0483908 -0.939743 0
0.050753 -0.940343 0
0.053117 -0.940936 0
0.0554829 -0.941522 0
0.0578506 -0.9421 0
0.0597549 -0.944615 0
0.0630505 -0.941287 0
0.0654174 -0.941841 0
0.0673391 -0.944338 0
0.0697155 -0.944879 0
0.0747027 -0.933699 0
0.0770459 -0.934217 0
0.0793907 -0.934728 0
0.0817372 -0.935232 0
0.0844956 -0.933771 0
0.086839 -0.934258 0
0.0887856 -0.936698 0
0.0911382 -0.937173 0
0.0934921 -0.93764 0
0.0958475 -0.938099 0
0.0982044 -0.938551 0
0.100563 -0.938996 0
0.105092 -0.927631 0
0.105283 -0.939864 0
0.107645 -0.940287 0
0.110352 -0.938732 0
0.135401 -0.93257 0
0.137741 -0.932899 0
0.139812 -0.935202 0
0.142949 -0.92957 0
0.144765 -0.933842 0
0.147108 -0.934142 0
0.149453 -0.934434 0
0.151798 -0.934719 0
0.155769 -0.921092 0
0.156491 -0.935268 0
0.158838 -0.935531 0
0.161187 -0.935787 0
0.163536 -0.936036 0
0.165886 -0.936277 0
0.168042 -0.938501 0
0.170589 -0.936737 0
0.173853 -0.926998 0
0.175294 -0.937168 0
0.177987 -0.933388 0
0.180329 -0.933584 0
0.183145 -0.927791 0
0.184712 -0.937943 0
0.187067 -0.938118 0
0.189424 -0.938286 0
0.192711 -0.924478 0
0.195025 -0.924628 0
0.196496 -0.938746 0
0.19954 -0.926904 0
0.201969 -0.925036 0
0.203573 -0.939139 0
0.206505 -0.927269 0
0.208738 -0.929375 0
0.211233 -0.925479 0
0.21355 -0.925571 0
0.215868 -0.925657 0
0.218185 -0.925735 0
0.220503 -0.925806 0
0.222821 -0.92587 0
0.225139 -0.925926 0
0.227418 -0.927975 0
0.229842 -0.922018 0
0.232094 -0.926052 0
0.234392 -0.92808 0
0.336411 -4.71314 0
0.350724 -4.72082 0
0.364977 -4.72446 0
0.379013 -4.72006 0
0.393155 -4.71961 0
0.407442 -4.72311 0
0.421436 -4.71858 0
0.435744 -4.72199 0
0.449892 -4.72137 0
0.465308 -4.74667 0
0.481299 -4.7799 0
0.49794 -4.82107 0
0.515306 -4.87017 0
0.624288 -5.58061 0
0.661311 -5.62199 0
0.678903 -5.62863 0
0.497498 -1.96391 0
0.50131 -1.95123 0
0.505046 -1.93855 0
0.507497 -1.91795 0
0.512597 -1.91514 0
0.515166 -1.89651 0
0.518583 -1.88381 0
0.521924 -1.8711 0
0.524855 -1.85642 0
0.528377 -1.84567 0
0.529071 -1.81916 0
0.534523 -1.82023 0
0.537481 -1.8075 0
0.54 -1.79281 0
0.54058 -1.76828 0
0.545522 -1.76735 0
0.547023 -1.74872 0
0.550739 -1.74188 0
0.555993 -1.74287 0
0.558854 -1.73209 0
0.565309 -1.73893 0
0.57016 -1.73791 0
0.575007 -1.73688 0
0.579851 -1.73584 0
0.585554 -1.73868 0
0.589529 -1.7337 0
0.597465 -1.74626 0
0.602338 -1.74515 0
0.606752 -1.74207 0
0.612074 -1.74287 0
0.61974 -1.75338 0
0.625109 -1.75414 0
0.630486 -1.75488 0
0.634415 -1.74978 0
0.639299 -1.74855 0
0.645174 -1.75118 0
0.652077 -1.75766 0
0.656985 -1.75637 0
0.662405 -1.757 0
0.670442 -1.76727 0
0.672214 -1.75435 0
0.680314 -1.76457 0
0.685244 -1.7632 0
0.698401 -1.77194 0
0.703912 -1.77243 0
0.712248 -1.7825 0
0.716664 -1.77911 0
0.72279 -1.78145 0
0.727772 -1.77994 0
0.732162 -1.77651 0
0.74069 -1.78644 0
0.745688 -1.78487 0
0.750681 -1.7833 0
0.755669 -1.7817 0
0.760652 -1.7801 0
0.766253 -1.78037 0
0.775006 -1.79012 0
0.780015 -1.78845 0
0.788865 -1.79814 0
0.793899 -1.79642 0
0.798927 -1.7947 0
0.807902 -1.80428 0
0.812955 -1.80251 0
0.822695 -1.81392 0
0.827778 -1.8121 0
0.835584 -1.81779 0
2.05873 -4.91121 0
2.08503 -4.93536 0
2.10421 -4.94077 0
2.12344 -4.9461 0
2.13902 -4.94207 0
2.16056 -4.95284 0
2.17542 -4.94684 0
2.19253 -4.94634 0
2.20737 -4.94024 0
2.21988 -4.92855 0
2.26102 -4.98505 0
2.31423 -5.06896 0
2.3326 -5.06983 0
2.35258 -5.07431 0
2.35983 -5.04937 0
2.36856 -5.0281 0
3.51675 -7.58194 0
3.55691 -7.61005 0
3.63667 -7.72553 0
3.63785 -7.66574 0
3.63786 -7.60419 0
3.61993 -7.50459 0
3.19236 -6.52563 0
3.13697 -6.30641 0
3.14045 -6.21613 0
3.13919 -6.16567 0
3.13853 -6.11707 0
3.14466 -6.08289 0
3.14082 -6.02902 0
3.14652 -5.99491 0
3.14393 -5.94474 0
3.14649 -5.90535 0
3.14428 -5.8571 0
3.14729 -5.81958 0
3.14549 -5.77322 0
3.14529 -5.73048 0
3.14857 -5.69486 0
3.14698 -5.65045 0
3.14513 -5.60611 0
3.1231 -5.52486 0
3.07864 -5.40338 0
3.06609 -5.34188 0
3.06188 -5.29627 0
3.06324 -5.26123 0
3.06343 -5.22449 0
3.06636 -5.19302 0
3.06617 -5.15637 0
3.06279 -5.11456 0
3.06517 -5.08321 0
3.06237 -5.04325 0
3.05531 -4.99645 0
3.05813 -4.96697 0
3.05263 -4.92376 0
3.06227 -4.90639 0
3.05534 -4.86159 0
3.05955 -4.83569 0
3.05946 -4.80298 0
3.07281 -4.79247 0
3.09452 -4.79553 0
3.11523 -4.79681 0
3.13172 -4.79122 0
3.1386 -4.77035 0
3.11319 -4.69885 0
3.09491 -4.63935 0
3.07087 -4.57159 0
3.07038 -4.54094 0
3.06973 -4.51034 0
3.07661 -4.49148 0
3.07236 -4.45595 0
3.07568 -4.43213 0
3.07777 -4.40667 0
3.07525 -4.37461 0
3.07367 -4.34427 0
3.07307 -4.31562 0
3.07005 -4.28372 0
3.07597 -4.26503 0
3.07494 -4.23651 0
3.07951 -4.21621 0
3.07589 -4.18449 0
3.07558 -4.15773 0
3.0728 -4.12775 0
3.07688 -4.10756 0
3.07382 -4.07767 0
3.06587 -4.04139 0
3.03993 -3.98104 0
3.02675 -3.93856 0
3.0193 -3.90422 0
3.01888 -3.87955 0
3.01471 -3.85014 0
3.01765 -3.83034 0
3.01563 -3.8042 0
3.01836 -3.78445 0
3.01364 -3.75524 0
3.01 -3.72766 0
3.01609 -3.71273 0
3.01095 -3.68367 0
3.00815 -3.65781 0
3.01147 -3.63981 0
3.01094 -3.61714 0
3.00903 -3.59297 0
3.01332 -3.57658 0
3.00992 -3.55093 0
3.00894 -3.52841 0
3.00528 -3.50286 0
3.00792 -3.48503 0
3.00918 -3.46569 0
3.00775 -3.44332 0
3.00232 -3.41643 0
3.00457 -3.39871 0
3.00151 -3.37495 0
3.01276 -3.36785 0
3.02136 -3.35769 0
3.00612 -3.3205 0
2.60365 -2.83004 0
2.59986 -2.80927 0
2.60804 -2.80191 0
2.62426 -2.80341 0
3.09166 -3.25942 0
3.06579 -3.21248 0
3.06154 -3.18907 0
3.06952 -3.17882 0
3.0637 -3.15404 0
3.06328 -3.1351 0
3.0697 -3.12341 0
3.06773 -3.10309 0
3.06705 -3.08423 0
3.06769 -3.06684 0
3.06683 -3.04805 0
3.0673 -3.03071 0
3.06769 -3.0134 0
3.06658 -2.9947 0
3.05543 -2.96619 0
3.05696 -2.9504 0
3.06415 -2.94021 0
3.06412 -2.92304 0
3.06258 -2.90451 0
3.06239 -2.8874 0
3.06067 -2.86894 0
3.06903 -2.86014 0
3.05989 -2.83487 0
3.06084 -2.81924 0
3.05733 -2.79955 0
2.9509 -2.68489 0
2.87337 -2.58303 0
2.87343 -2.5681 0
2.87045 -2.55052 0
2.87782 -2.54232 0
2.87471 -2.52478 0
2.8745 -2.50994 0
2.87874 -2.49909 0
2.88444 -2.48954 0
2.88407 -2.47474 0
2.87908 -2.45605 0
2.87856 -2.44131 0
2.88559 -2.43308 0
2.88496 -2.41837 0
2.8812 -2.40112 0
2.88657 -2.3916 0
2.88267 -2.3744 0
2.88178 -2.3598 0
2.88855 -2.35156 0
2.886 -2.33572 0
2.8927 -2.32747 0
2.89002 -2.31168 0
2.89508 -2.30217 0
2.89228 -2.28643 0
2.89725 -2.27692 0
2.89433 -2.26123 0
2.33553 -1.76089 0
2.33884 -1.75316 0
2.34212 -1.74542 0
2.38558 -1.76741 0
2.40018 -1.76783 0
2.40188 -1.75873 0
2.40355 -1.74965 0
2.32708 -1.67445 0
2.33661 -1.67142 0
2.36574 -1.68219 0
2.4097 -1.70314 0
2.47514 -1.73869 0
2.52108 -1.76019 0
2.52105 -1.74968 0
2.49455 -1.72113 0
2.49437 -1.71073 0
2.16788 -1.42867 0
2.18353 -1.43023 0
2.17561 -1.41664 0
2.17101 -1.40525 0
2.17481 -1.39923 0
2.17859 -1.3932 0
2.18236 -1.38716 0
2.17419 -1.37376 0
2.17789 -1.36773 0
2.16962 -1.35442 0
2.18525 -1.35564 0
2.1889 -1.34958 0
2.1805 -1.33635 0
2.17375 -1.32419 0
2.1773 -1.31817 0
2.18084 -1.31213 0
2.17569 -1.30107 0
2.17917 -1.29504 0
2.16873 -1.28107 0
2.19435 -1.02898 0
2.1878 -1.01894 0
2.1904 -1.01287 0
2.19666 -1.00835 0
2.18816 -0.997619 0
2.18884 -0.990782 0
2.1932 -0.985473 0
2.19385 -0.978632 0
2.19261 -0.971046 0
2.18949 -0.96273 0
2.19749 -0.958872 0
2.18874 -0.948379 0
2.19484 -0.943762 0
2.19347 -0.93623 0
2.19955 -0.931575 0
2.19814 -0.924052 0
2.19295 -0.915139 0
2.20272 -0.911845 0
2.19748 -0.902964 0
2.19408 -0.894809 0
2.20194 -0.890762 0
2.2079 -0.885999 0
2.22894 -0.886552 0
2.24622 -0.885656 0
2.26163 -0.884003 0
2.2865 -0.885513 0
2.32276 -0.890745 0
2.34201 -0.890006 0
2.35939 -0.888522 0
2.39386 -0.89258 0
2.41888 -0.893324 0
2.44012 -0.892689 0
2.21757 -0.780183 0
2.21751 -0.77345 0
2.2251 -0.768993 0
2.22692 -0.76281 0
2.22872 -0.756621 0
2.2305 -0.750427 0
2.23226 -0.744227 0
2.234 -0.738022 0
2.24729 -0.735001 0
2.24901 -0.728749 0
2.2507 -0.722491 0
2.25238 -0.716229 0
2.26564 -0.713006 0
2.26922 -0.707199 0
2.28247 -0.703851 0
2.28215 -0.697 0
2.29733 -0.694023 0
2.30086 -0.688092 0
2.31408 -0.684501 0
2.34871 -0.68595 0
2.35805 -0.681219 0
2.38492 -0.680512 0
3.00418 -0.770329 0
3.00992 -0.762539 0
3.02151 -0.755932 0
3.037 -0.750054 0
3.0721 -0.748008 0
3.09347 -0.743045 0
3.11288 -0.737575 0
3.16764 -0.738718 0
3.20672 -0.736584 0
3.23794 -0.732765 0
3.28294 -0.731244 0
3.31614 -0.727353 0
3.36905 -0.726691 0
3.42594 -0.726379 0
3.4865 -0.71594 0
3.56712 -0.718568 0
3.67911 -0.714675 0
3.6412 -0.697959 0
3.61114 -0.68266 0
3.60081 -0.670431 0
3.60825 -0.660805 0
3.61765 -0.651414 0
3.64883 -0.644929 0
3.65025 -0.63431 0
3.62981 -0.58869 0
3.68271 -0.584165 0
3.68196 -0.573213 0
3.68515 -0.562711 0
3.68433 -0.551765 0
3.68745 -0.541242 0
3.68856 -0.530502 0
3.68166 -0.518979 0
3.67871 -0.50788 0
3.62395 -0.492057 0
3.62888 -0.481869 0
3.66168 -0.474033 0
3.68052 -0.46485 0
3.4429 -0.425235 0
3.34859 -0.398605 0
3.36721 -0.390117 0
3.37183 -0.38063 0
3.61461 -0.37493 0
3.68909 -0.368412 0
3.68965 -0.357668 0
3.68819 -0.346827 0
3.68269 -0.335818 0
3.68315 -0.325094 0
3.69157 -0.314677 0
3.69197 -0.303925 0
3.69033 -0.293108 0
3.68667 -0.282245 0
3.69096 -0.271612 0
3.69322 -0.260909 0
3.69145 -0.250113 0
3.68565 -0.239263 0
3.67781 -0.228422 0
3.69394 -0.21788 0
3.68003 -0.20702 0
3.69409 -0.196363 0
3.68812 -0.185598 0
3.68611 -0.174863 0
3.68007 -0.16416 0
3.68 -0.153445 0
3.68589 -0.142662 0
3.69175 -0.131842 0
3.68558 -0.121197 0
3.67738 -0.110632 0
3.68513 -0.0997342 0
3.69086 -0.0888417 0
3.68455 -0.0782745 0
3.69021 -0.0673465 0
3.68384 -0.0568188 0
3.69143 -0.0457769 0
3.68499 -0.0352829 0
3.68252 -0.0246448 0
3.68401 -0.0138253 0
3.68147 -0.003203 0
3.68689 0.00784585 0
3.68029 0.0182319 0
3.68563 0.0293143 0
3.67897 0.0396592 0
3.68225 0.0506396 0
3.68949 0.0619252 0
3.68872 0.0726682 0
3.6879 0.0834089 0
3.68706 0.0941468 0
3.68618 0.104882 0
3.68527 0.115615 0
3.68433 0.126344 0
3.68335 0.137071 0
3.68234 0.147795 0
3.68129 0.158515 0
3.67226 0.168419 0
3.66916 0.178898 0
3.67995 0.190872 0
3.67082 0.200697 0
3.67755 0.212293 0
3.67631 0.222998 0
3.68098 0.234421 0
3.67372 0.244397 0
3.68626 0.25686 0
3.67694 0.266556 0
3.68345 0.278319 0
3.68597 0.289586 0
3.68052 0.299762 0
3.68296 0.311043 0
3.6814 0.321764 0
3.67982 0.332481 0
3.6782 0.343193 0
3.68445 0.355133 0
3.68671 0.366488 0
3.68301 0.3769 0
3.68322 0.387948 0
3.68931 0.400002 0
3.6796 0.409387 0
3.67774 0.420097 0
3.68372 0.432207 0
3.68179 0.442931 0
3.68572 0.454739 0
3.68962 0.466578 0
3.68758 0.47732 0
3.6914 0.489201 0
3.68733 0.49956 0
3.68911 0.511083 0
3.68693 0.521823 0
3.68276 0.532149 0
3.68052 0.542868 0
3.67824 0.553581 0
3.67593 0.564287 0
3.67359 0.574985 0
3.68292 0.588298 0
3.68246 0.599461 0
3.68 0.61018 0
3.67752 0.620891 0
3.68862 0.634823 0
3.68411 0.645093 0
3.68152 0.655817 0
3.67889 0.666532 0
3.67817 0.677725 0
3.67547 0.688429 0
3.67081 0.698628 0
3.68159 0.712835 0
3.68846 0.726099 0
3.67595 0.734257 0
3.68466 0.748085 0
3.68174 0.75881 0
3.67879 0.769525 0
3.67581 0.780232 0
3.68242 0.793657 0
3.67936 0.804375 0
3.67627 0.815083 0
3.68657 0.829727 0
3.6834 0.840457 0
3.6802 0.851177 0
3.67696 0.861888 0
3.68708 0.876701 0
3.68376 0.887432 0
3.68041 0.898153 0
3.67893 0.90947 0
3.68694 0.923844 0
3.68347 0.934575 0
3.68188 0.945918 0
3.68594 0.95915 0
3.68237 0.969877 0
3.69202 0.985081 0
3.68837 0.995827 0
3.68468 1.00656 0
3.67907 1.01663 0
3.6772 1.028 0
3.68472 1.04272 0
3.68088 1.05344 0
3.67702 1.06415 0
3.68626 1.07967 0
3.68231 1.0904 0
3.68957 1.10531 0
3.68554 1.11605 0
3.68335 1.12749 0
3.67925 1.13821 0
3.68444 1.15253 0
3.68027 1.16325 0
3.67606 1.17396 0
3.67181 1.18465 0
3.68053 1.20056 0
3.6762 1.21127 0
3.67184 1.22197 0
3.68039 1.23799 0
3.67594 1.2487 0
3.68253 1.26405 0
3.68905 1.27945 0
3.68632 1.29097 0
3.68171 1.3017 0
3.67707 1.31241 0
3.68522 1.32873 0
3.68049 1.33946 0
3.67573 1.35017 0
3.67094 1.36086 0
3.67704 1.3765 0
3.68308 1.39219 0
3.68361 1.40542 0
3.68408 1.41867 0
3.68089 1.43023 0
3.68489 1.44522 0
3.6816 1.4568 0
3.67828 1.46838 0
3.68392 1.48431 0
3.67871 1.49503 0
3.68065 1.50926 0
3.67715 1.52086 0
3.68256 1.53692 0
3.67719 1.54763 0
3.68426 1.56467 0
3.6788 1.57538 0
3.68397 1.59158 0
3.6802 1.60322 0
3.68526 1.61949 0
3.67962 1.63022 0
3.67572 1.64186 0
3.67884 1.65727 0
3.68189 1.67272 0
3.67785 1.68439 0
3.67202 1.69508 0
3.67841 1.71253 0
3.68473 1.73002 0
3.67526 1.73879 0
3.67449 1.75243 0
3.67714 1.76805 0
3.67972 1.78371 0
3.67704 1.79641 0
3.67951 1.81213 0
3.68364 1.82889 0
3.67908 1.84062 0
3.68136 1.85642 0
3.67499 1.86713 0
3.68401 1.88709 0
3.68439 1.90195 0
3.67788 1.91267 0
3.68326 1.93069 0
3.68857 1.94877 0
3.68021 1.95844 0
3.68369 1.97552 0
3.68033 1.98837 0
3.68199 2.00444 0
3.68527 2.02162 0
3.67838 2.03234 0
3.68321 2.05066 0
3.67623 2.06137 0
3.68092 2.07976 0
3.68219 2.09599 0
3.68839 2.11557 0
3.67955 2.12519 0
3.68394 2.14373 0
3.67668 2.15445 0
3.68918 2.1787 0
3.68345 2.19057 0
3.67604 2.20128 0
3.68827 2.22572 0
3.68075 2.23645 0
3.68462 2.25524 0
3.6656 2.25783 0
3.4451 2.11577 0
3.3909 2.09178 0
3.38865 2.10511 0
3.35984 2.11401 0
3.3615 2.14535 0
3.36702 2.16467 0
3.37086 2.18284 0
3.35074 2.1829 0
3.33383 2.18528 0
3.29 2.16682 0
3.26844 2.16528 0
3.29264 2.19931 0
3.2852 2.20881 0
3.26833 2.21084 0
3.2499 2.21154 0
3.21432 2.1984 0
3.18353 2.18882 0
3.1373 2.16648 0
3.12377 2.17043 0
3.11488 2.17813 0
3.09518 2.17688 0
3.08781 2.18576 0
2.96594 2.11323 0
2.9725 2.13335 0
2.95919 2.13666 0
2.95346 2.14642 0
3.00077 2.21709 0
3.00381 2.23489 0
2.99927 2.24613 0
3.00216 2.264 0
3.0005 2.27791 0
3.01068 2.30253 0
3.01925 2.32589 0
3.02622 2.34798 0
3.02865 2.3661 0
3.02511 2.37883 0
3.00538 2.37662 0
3.00324 2.39068 0
2.99229 2.39653 0
3.01479 2.43391 0
3.05884 2.49212 0
3.67811 3.10048 0
3.68661 3.1292 0
3.68633 3.14965 0
3.6831 3.16734 0
3.68121 3.18645 0
3.68209 3.20838 0
3.68003 3.22753 0
3.68496 3.25377 0
3.67564 3.2659 0
3.44823 3.05767 0
3.40867 3.0377 0
3.45034 3.10047 0
3.66026 3.33713 0
3.684 3.38374 0
3.67979 3.40167 0
3.68655 3.43119 0
3.68627 3.45352 0
3.68315 3.47297 0
3.6895 3.50267 0
3.68209 3.51779 0
3.67868 3.5373 0
3.67925 3.56126 0
3.68239 3.5882 0
3.68138 3.61076 0
3.67891 3.63186 0
3.67635 3.65298 0
3.68166 3.68309 0
3.67755 3.70278 0
3.67994 3.72999 0
3.68221 3.75726 0
3.6804 3.78005 0
3.68371 3.80892 0
3.68036 3.83026 0
3.6834 3.85923 0
3.68112 3.88215 0
3.68388 3.91121 0
3.68008 3.93266 0
3.67491 3.95259 0
3.67982 3.98487 0
3.68077 4.01258 0
3.68536 4.04498 0
3.67846 4.06347 0
3.68151 4.09442 0
3.6769 4.11605 0
3.67966 4.1471 0
3.67669 4.84456 0
3.6801 4.88337 0
3.67436 4.90899 0
3.68073 4.95289 0
3.678 4.98357 0
3.68393 5.02763 0
3.67865 5.05505 0
3.67651 5.08752 0
3.67311 5.11834 0
3.6782 5.16266 0
3.67983 5.202 0
3.66838 5.22113 0
3.67604 5.27071 0
3.67388 5.30512 0
3.64304 5.2937 0
3.61861 5.29236 0
3.60675 5.31139 0
3.65925 5.43633 0
3.66964 5.49318 0
3.65707 5.51241 0
3.62601 5.50069 0
3.63373 5.55425 0
3.67152 5.65965 0
3.43123 5.83726 0
3.41897 5.85956 0
3.40568 5.88007 0
3.39321 5.90233 0
3.3788 5.92102 0
3.05009 5.77529 0
3.02897 5.77858 0
3.00449 5.77453 0
2.98925 5.79038 0
2.89423 5.8288 0
2.87228 5.82971 0
2.86308 5.8599 0
2.84819 5.87722 0
2.40837 5.86774 0
2.34673 5.75382 0
2.33153 5.76979 0
2.31231 5.77438 0
2.29114 5.77324 0
2.27643 5.79096 0
2.27889 5.85981 0
2.25878 5.86234 0
2.26126 5.93316 0
2.25399 5.97555 0
2.24279 6.00653 0
2.24359 6.0756 0
2.24339 6.14282 0
2.25115 6.23683 0
2.26129 6.3405 0
2.64435 7.66439 0
2.62452 7.68715 0
2.59712 7.68496 0
2.57486 7.69993 0
2.54803 7.69949 0
2.52068 7.69703 0
2.49281 7.69255 0
2.46826 7.69953 0
2.43992 7.69295 0
2.41377 7.69397 0
1.70278 5.18051 0
1.68294 5.17345 0
1.66778 5.18372 0
1.65359 5.19781 0
1.63581 5.19831 0
1.62052 5.20844 0
1.60127 5.20301 0
1.51803 5.00939 0
1.50184 5.01334 0
1.48611 5.01919 0
1.47127 5.02888 0
1.4736 5.11255 0
1.48347 5.23138 0
1.54331 5.57466 0
1.53406 5.61773 0
1.50997 5.59438 0
1.40616 5.20147 0
1.3823 5.17182 0
1.3656 5.17535 0
1.34809 5.17491 0
1.33059 5.17441 0
1.81743 7.69592 0
1.79017 7.68706 0
1.76335 7.68006 0
1.31532 5.4587 0
1.24724 5.28628 0
1.23054 5.29135 0
1.21523 5.30425 0
